FCS Fitting Results

VEff[fl] =          0,398     
z0[µm] =            0,952     
w0[µm] =            0,274     
r1 =                0,0058    +-0,0016
t1[ms] =            0,9491    +-18,7920
D1[µm²/s] =         19,8      +-391,6
<N> =               278       +-2654
<C>[nM] =           1159      +-11074
k=z0/w0 =           3,474     
T =                 0,3796    +-5,9230
tT[ms] =            0,27545   +-4,39440

t[ms]                Ex. Corr. Fit Corr. Resids.
0,000225             0,0348
0,000275             0,0087
0,000325             0,0089
0,000375             0,0273
0,00045             -0,0047
0,00055              0,0125
0,00065             -0,0125
0,00075              0,0442
0,00085              0,0459
0,00095              0,0183
0,00105             -0,0126
0,00115              0,0052
0,0013              -0,0003
0,0015               0,0059
0,0016999            0,0211
0,0018999            0,0015
0,0020999           -0,0021
0,0022999           -0,0071
0,0024999            0,015
0,0026999           -0,0079
0,0029999            0,0082
0,0033999            0,005
0,0037999            0,0064
0,0041999           -0,0044
0,0045999            0,0069
0,0049998           -0,0016
0,0053998            0,0101
0,0057998            0,0061
0,0063998            0,0093
0,0071998            0,0084
0,0079998            0,0088
0,0087997            0,002
0,0095997            0,006
0,0103997           -0,0011    0,0057   -0,552
0,0111997            0,0126    0,0056    0,3081
0,0119996           -0,0021    0,0056   -0,845
0,0131996            0,0085    0,0056    0,7723
0,0147995            0,0002    0,0056   -0,3131
0,0163995            0,0058    0,0056    0,0325
0,0179994            0,0107    0,0056    0,2038
0,0195994            0,0011    0,0055   -0,312
0,0211993            0,0075    0,0055    0,2107
0,0227993            0,005     0,0055   -0,0312
0,0243992            0,0068    0,0055    0,1414
0,0267992            0,0039    0,0054   -0,2879
0,0299991           -0,0001    0,0054   -0,702
0,033199             0,0038    0,0054   -0,1626
0,0363989            0,0032    0,0053   -0,178
0,0395988            0,0036    0,0053   -0,4403
0,0427987            0,0037    0,0052   -0,2798
0,0459986            0,0047    0,0052   -0,0973
0,0491985            0,004     0,0052   -0,1104
0,0539983            0,0082    0,0051    0,9235
0,0603981            0,0034    0,005    -0,1949
0,0667979            0,0008    0,005    -0,5338
0,0731977            0,004     0,0049   -0,1617
0,0795975            0,0064    0,0048    0,3084
0,0859973            0,0064    0,0048    0,334
0,0923971            0,0069    0,0047    0,2238
0,0987969            0,0048    0,0046    0,0186
0,1083966            0,004     0,0045   -0,0918
0,1211962            0,0042    0,0044   -0,0345
0,1339958            0,006     0,0043    0,2334
0,1467955            0,0058    0,0042    0,2575
0,1595951            0,0046    0,0041    0,0684
0,1723947            0,004     0,004    -0,0423
0,1851943            0,0083    0,0039    0,9455
0,1979939            0,0031    0,0038   -0,2202
0,2171933            0,003     0,0037   -0,1846
0,2427925            0,0044    0,0036    0,1105
0,2683917            0,0031    0,0034   -0,0906
0,2939909            0,0034    0,0033    0,0237
0,3195901            0,002     0,0032   -0,6574
0,3451893            0,0034    0,0031    0,1553
0,3707885            0,0032    0,003     0,0663
0,3963877            0,0027    0,0029   -0,0905
0,4347865            0,0032    0,0027    0,1571
0,485985             0,0034    0,0026    0,2923
0,5371833            0,0032    0,0024    0,3619
0,5883818            0,0019    0,0023   -0,146
0,6395802            0,0015    0,0022   -0,1863
0,6907786            0,0031    0,0021    0,3267
0,741977             0,001     0,002    -0,3311
0,7931755            0,0027    0,002     0,2572
0,8699731            0,0014    0,0019   -0,1779
0,9723699            0,0019    0,0017    0,0554
1,0747668            0,0023    0,0016    0,3823
1,1771635            0,0012    0,0015   -0,6409
1,2795603            0,0015    0,0015    0,0704
1,3819572            0,0017    0,0014    0,3516
1,484354             0,0018    0,0013    0,2688
1,5867509            0,0017    0,0013    0,5703
1,7403461            0,0008    0,0012   -0,2606
1,9451398            0,001     0,0011   -0,0977
2,1499333            0,0012    0,001     0,1925
2,354727             0,0015    0,0009    0,3355
2,5595207            0,0003    0,0009   -0,7848
2,7643144            0,0011    0,0008    0,1494
2,9691081            0,0007    0,0008   -0,1231
3,1739018            0,0009    0,0007    0,1323
3,4810922            0,0009    0,0007    0,212
3,8906796            0,0009    0,0006    0,2103
4,3002667            0,0009    0,0006    0,3341
4,7098541            0,0006    0,0005    0,1815
5,1194415            0,0002    0,0005   -0,512
5,5290289            0,0005    0,0004    0,0527
5,9386163            0,0001    0,0004   -0,5764
6,3482032            0,0003    0,0004   -0,1148
6,9625845            0,0002    0,0003   -0,8914
7,7817588            0         0,0003   -0,3728
8,600934             0,0001    0,0003   -0,542
9,4201078           -0,0001    0,0002   -0,4052
10,2392826           0,0004    0,0002    0,2132
11,0584574           0         0,0002   -0,1862
11,8776321          -0,0002    0,0002   -0,4131
12,6968069          -0,0001    0,0002   -0,3311
13,9255686           0,0001    0,0002   -0,0408
15,5639181          -0,0003    0,0001   -0,4565
17,2022667          -0,0002    0,0001   -0,3374
18,8406162          -0,0002    0,0001   -0,6657
20,4789658          -0,0001    0,0001   -0,2116
22,1173153           0,0001    0,0001    0,0069
23,7556648          -0,0004    0,0001   -0,3855
25,3940125          -0,0004    0,0001   -0,2535
27,8515377          -0,0002    0,0001   -0,3074
31,1282349          -0,0004    0,0001   -0,331
34,4049339          -0,0003    0        -0,4184
37,681633           -0,0003    0        -0,3398
40,9583321          -0,0007    0        -0,5988
44,2350311          -0,0009    0        -0,5886
47,5117264          -0,0008    0        -0,418
50,7884254          -0,0006    0        -0,4371
55,703476           -0,0005    0        -0,5416
62,2568703          -0,0005    0        -0,6155
68,8102722          -0,0006    0        -0,4113
75,3636627          -0,0007    0        -0,4428
81,9170609          -0,0005    0        -0,4811
88,470459           -0,0006    0        -0,3612
95,0238571          -0,0005    0        -0,3432
101,5772552         -0,0004
111,4073486         -0,0004
124,5141449         -0,0002
137,6209412         -0,0003
150,7277374         -0,0001
163,8345184         -0,0002
176,9413147         -0,0002
190,048111          -0,0002
203,1549072         -0,0003
222,815094          -0,0005
249,0286865         -0,0002
275,2422791         -0,0004
301,4558716         -0,0001
327,6694641          0,0001
353,8830261          0,0002
380,0966187          0,0001
406,3102112          0,0001
445,6305847          0,0001
498,0577698          0,0006
550,4849243          0,001
602,9121094          0,0005
655,3392944          0,0003
707,7664795          0
760,1936646          0,0001
812,6208496          0,0003
