FCS Fitting Results

VEff[fl] =          0,398     
z0[µm] =            0,952     
w0[µm] =            0,274     
r1 =                0,0031    +-0,0071
t1[ms] =            0,4172    +-33,1985
D1[µm²/s] =         45,0      +-3580,3
<N> =               323       +-74208
<C>[nM] =           1346      +-309612
k=z0/w0 =           3,474     
T =                 0         +-230,0338
tT[ms] =            1,1920    

t[ms]                Ex. Corr. Fit Corr. Resids.
0,000225             0,0438
0,000275            -0,0179
0,000325            -0,0069
0,000375            -0,0339
0,00045              0,0316
0,00055             -0,0074
0,00065              0,0123
0,00075              0,0142
0,00085             -0,0018
0,00095              0,0147
0,00105             -0,014
0,00115             -0,0306
0,0013               0,0215
0,0014999           -0,0045
0,0016999            0,0087
0,0018999            0,0106
0,0020999            0,0109
0,0022999           -0,0048
0,0024999           -0,014
0,0026999            0,0046
0,0029999           -0,0175
0,0033999           -0,0058
0,0037999            0,0171
0,0041999            0,0233
0,0045998           -0,0019
0,0049998            0,0099
0,0053998            0,0159
0,0057998            0,0141
0,0063998           -0,0026
0,0071998           -0,013
0,0079997            0,0025
0,0087997            0,005
0,0095997           -0,0049
0,0103996            0,0141    0,003     1,4727
0,0111996            0,0016    0,003    -0,1295
0,0119996            0,0064    0,003     0,2484
0,0131996            0,0086    0,003     0,8645
0,0147995            0,0039    0,003     0,1833
0,0163994            0,0019    0,003    -0,1493
0,0179994           -0,0003    0,003    -0,5626
0,0195993            0,0083    0,003     0,6613
0,0211993            0,0091    0,0029    0,7023
0,0227992            0,0042    0,0029    0,1532
0,0243992            0,0005    0,0029   -0,2426
0,0267991           -0,0003    0,0029   -0,9896
0,029999            -0,0002    0,0029   -0,6056
0,0331989            0,0006    0,0029   -0,389
0,0363988            0,0064    0,0028    1,1114
0,0395987            0,003     0,0028    0,0317
0,0427986            0,0001    0,0028   -0,5219
0,0459985           -0,0019    0,0028   -1,6376
0,0491983            0,0004    0,0028   -0,3728
0,0539982           -0,0006    0,0027   -0,5552
0,060398             0,0076    0,0027    1,7678
0,0667977           -0,0036    0,0027   -1,3653
0,0731975            0,0064    0,0026    0,9357
0,0795973            0,0025    0,0026   -0,0139
0,0859971           -0,0017    0,0025   -2,1928
0,0923969           -0,0015    0,0025   -0,922
0,0987967           -0,0009    0,0025   -0,8391
0,1083963            0,0041    0,0024    1,0357
0,1211959            0,003     0,0024    0,1522
0,1339955            0,0024    0,0023    0,039
0,146795             0,0028    0,0023    0,3195
0,1595946            0,005     0,0022    1,3544
0,1723942            0,0013    0,0022   -0,2706
0,1851937            0,0019    0,0021   -0,059
0,1979933            0,0006    0,0021   -0,4607
0,2171927           0          0,002    -1,1985
0,2427918            0,0007    0,0019   -0,6186
0,268391            -0,0021    0,0018   -3,0893
0,2939901            0,0019    0,0018    0,0495
0,3195892            0,0023    0,0017    0,128
0,3451883            0,0003    0,0016   -0,8178
0,3707875            0,0013    0,0016   -0,2724
0,3963866            0,0013    0,0015   -0,0758
0,4347853            0,0015    0,0015    0,0012
0,4859836            0,0001    0,0014   -1,3469
0,5371819            0,0023    0,0013    1,119
0,5883802            0,0028    0,0012    1,3413
0,6395784            0,0009    0,0012   -0,1459
0,6907767            0,001     0,0011   -0,0579
0,7419749            0,0027    0,001     1,2152
0,7931733           -0,0006    0,001    -0,9778
0,8699707            0,001     0,0009    0,1107
0,9723672           -0,0008    0,0009   -1,4884
1,0747638            0,0001    0,0008   -0,7635
1,1771603            0,0015    0,0007    0,8411
1,2795569            0,0016    0,0007    1,093
1,3819534            0,0029    0,0006    2,7151
1,48435              0,0012    0,0006    0,5763
1,5867465            0,0011    0,0006    0,5035
1,7403413            0,0016    0,0005    1,9164
1,9451344            0,0007    0,0005    0,5
2,1499276            0,0005    0,0004    0,1904
2,3547206            0,0007    0,0004    0,6495
2,5595136            0,0009    0,0004    1,1012
2,7643068            0,0011    0,0003    1,1935
2,9690998            0,0005    0,0003    0,3848
3,173893             0,0002    0,0003   -0,159
3,4810827            0,0002    0,0003   -0,1628
3,8906689            0,0003    0,0002    0,0865
4,3002548           -0,0002    0,0002   -0,957
4,7098413            0,0002    0,0002    0,1473
5,1194272            0,0004    0,0002    1,051
5,5290136           -0,0001    0,0002   -0,4421
5,9385996            0,0001    0,0001   -0,0849
6,348186            -0,0006    0,0001   -1,4031
6,9625654           -0,0001    0,0001   -0,7487
7,7817378            0,0002    0,0001    0,2102
8,6009102            0,0003    0,0001    0,419
9,4200821            0,0002    0,0001    0,3132
10,239255            0,0004    0,0001    1,0374
11,0584269           0,0004    0,0001    0,7647
11,8775997           0         0,0001   -0,084
12,6967716           0,0002    0,0001    0,2551
13,9255304          -0,0001    0        -0,2954
15,5638752           0,0002    0         0,7442
17,202219            0,0002    0         0,6519
18,8405647           0         0        -0,0431
20,4789085           0         0         0,0157
22,1172543           0,0004    0         1,0488
23,7555981           0,0003    0         1,0959
25,3939438           0,0003    0         0,7325
27,8514614           0,0003    0         0,5409
31,1281509           0,0001    0         0,1349
34,4048386           0,0001    0         0,3099
37,68153             0,0002    0         0,4447
40,9582176           0,0002    0         0,3539
44,2349091           0         0         0,1104
47,5115967           0,0001    0         0,3145
50,7882881           0,0001    0         0,2374
55,7033234           0,0002    0         0,447
62,2566986          -0,0002    0        -0,3312
68,8100815           0,0001    0         0,2539
75,3634567          -0,0001    0        -0,2083
81,9168396           0,0002    0         0,5423
88,4702148           0,0003    0         0,713
95,0235977           0,0002    0         0,4631
101,576973           0,0003
111,4070435          0,0003
124,5138016          0
137,6205597          0
150,7273102         -0,0001
163,8340759          0,0001
176,9408264         -0,0001
190,0475922         -0,0004
203,1543427         -0,0005
222,8144836         -0,0003
249,0279999         -0,0001
275,2415161         -0,0003
301,4550476         -0,0005
327,6685486         -0,0008
353,8820801         -0,0004
380,0955811         0
406,3091125          0,0002
445,629364          -0,0005
498,0563965         -0,0001
550,4834595         -0,0004
602,9104614          0,0001
655,3375244          0,0004
707,7645264          0,0006
760,1915894          0,0008
812,6185913          0,0006
