FCS Fitting Results

VEff[fl] =          0,398     
z0[µm] =            0,952     
w0[µm] =            0,274     
r1 =                0,0034    +-0,0068
t1[ms] =            0,3420    +-19,2676
D1[µm²/s] =         54,9      +-3092,2
<N> =               383       +-1092
<C>[nM] =           1600      +-4555
k=z0/w0 =           3,474     
T =                 0,2329    +-1,5451
tT[ms] =            0,000000010+-540,19820

t[ms]                Ex. Corr. Fit Corr. Resids.
0,000225            -0,0343
0,000275             0,0267
0,000325             0,0519
0,000375             0,0185
0,00045              0,0154
0,00055              0,0008
0,00065              0,0133
0,00075             -0,0059
0,00085              0,0229
0,0009499            0,017
0,0010499           -0,0023
0,0011499           -0,0189
0,0012999            0,0073
0,0014999           -0,0015
0,0016999            0,0086
0,0018999           -0,0136
0,0020999           -0,006
0,0022999           -0,0028
0,0024999           -0,0005
0,0026999            0,0261
0,0029998           -0,0013
0,0033998            0,0028
0,0037998            0,0018
0,0041998           -0,0128
0,0045997            0,0073
0,0049997           -0,0113
0,0053997            0,0098
0,0057997            0,0151
0,0063996           -0,0014
0,0071996           -0,0037
0,0079996            0,0003
0,0087995           -0,0092
0,0095995            0,0161
0,0103994            0,0008    0,0025   -0,1366
0,0111994           -0,0106    0,0025   -1,6495
0,0119993            0,0056    0,0025    0,4188
0,0131993            0,0041    0,0025    0,2396
0,0147992            0,0051    0,0025    0,4873
0,0163991            0,0021    0,0025   -0,0724
0,017999             0,004     0,0025    0,2843
0,0195989            0,0051    0,0025    0,3151
0,0211988            0,0061    0,0024    1,0172
0,0227987            0,0016    0,0024   -0,3294
0,0243987           -0,002     0,0024   -0,7942
0,0267985            0,0003    0,0024   -0,5386
0,0299983            0,0005    0,0024   -0,6428
0,0331982            0,0001    0,0024   -0,6721
0,036398             0,0045    0,0023    1,213
0,0395978            0,0002    0,0023   -0,4731
0,0427976            0,0017    0,0023   -0,172
0,0459975            0,002     0,0023   -0,046
0,0491973           -0,0024    0,0023   -0,8796
0,053997             0,0032    0,0022    0,3658
0,0603967            0,0016    0,0022   -0,4047
0,0667963            0,0034    0,0022    0,287
0,073196             0,0026    0,0021    0,263
0,0795956            0,0006    0,0021   -0,6816
0,0859953            0,0007    0,0021   -0,4384
0,0923949            0,0024    0,002     0,1073
0,0987946            0,0014    0,002    -0,2962
0,108394             0,0043    0,002     0,7219
0,1211933            0,0029    0,0019    0,3436
0,1339926            0,0019    0,0018    0,0325
0,1467919            0,0033    0,0018    1,0717
0,1595912            0         0,0017   -1,1042
0,1723905            0,0007    0,0017   -0,6948
0,1851898            0,0053    0,0017    2,9659
0,1979891           -0,0003    0,0016   -0,8617
0,217188             0,0011    0,0016   -0,3259
0,2427866            0,0009    0,0015   -0,5764
0,2683852           -0,001     0,0014   -2,6982
0,2939838            0,0001    0,0014   -0,3997
0,3195824            0,0018    0,0013    0,362
0,345181             0,0028    0,0012    1,8906
0,3707796            0,0018    0,0012    0,4073
0,3963782            0,0022    0,0012    0,521
0,434776             0,0013    0,0011    0,2423
0,4859732            0,0003    0,001    -0,8247
0,5371704            0         0,001    -0,9209
0,5883676            0,0007    0,0009   -0,1829
0,6395648            0,0009    0,0008    0,0395
0,6907619            0,0013    0,0008    0,7916
0,7419592            0,0005    0,0008   -0,2015
0,7931563            0,0009    0,0007    0,1387
0,8699521            0,0012    0,0007    0,8001
0,9723464            0,0006    0,0006    0,0276
1,0747408            0,0008    0,0006    0,3382
1,1771351            0,0003    0,0005   -0,2029
1,2795296           -0,0001    0,0005   -1,0263
1,3819239            0,0002    0,0004   -0,402
1,4843183            0,0005    0,0004    0,113
1,5867126           -0,0002    0,0004   -1,2175
1,7403041            0,0006    0,0004    0,6945
1,9450928            0,0012    0,0003    1,4193
2,1498816            0,0004    0,0003    0,1608
2,3546703            0,0005    0,0003    0,311
2,559459             0,0003    0,0002    0,0999
2,7642477           0          0,0002   -1,0014
2,9690363           -0,0001    0,0002   -0,9112
3,1738253            0,0005    0,0002    0,5991
3,4810083            0,0001    0,0002   -0,2906
3,8905857            0,0005    0,0002    1,4627
4,3001633            0,0003    0,0001    0,2758
4,7097406           -0,0001    0,0001   -0,8371
5,119318             0,0001    0,0001    0,0071
5,5288954            0,0003    0,0001    0,5748
5,9384727           -0,0001    0,0001   -0,741
6,3480501           -0,0001    0,0001   -0,6007
6,9624166            0,0001    0,0001   -0,0229
7,7815714           -0,0002    0,0001   -0,5049
8,6007261            0,0003    0,0001    1,449
9,4198809           -0,0001    0,0001   -0,3876
10,2390356           0,0003    0         0,8166
11,0581913           0         0        -0,0409
11,877346           0          0        -0,1248
12,6965008          -0,0001    0        -0,954
13,9252329          -0,0002    0        -0,9795
15,5635424          -0,0002    0        -0,6175
17,2018528          -0,0002    0        -0,7608
18,8401623           0,0001    0         0,4747
20,4784718           0,0001    0         0,1369
22,1167812           0         0         0,0256
23,7550907          0          0        -0,0579
25,3934021          -0,0002    0        -1,0006
27,8508663          -0,0001    0        -0,4549
31,1274853          -0,0001    0        -0,2335
34,4041061          -0,0002    0        -0,7112
37,6807251           0,0001    0         0,2246
40,9573441           0,0001    0         0,2483
44,233963            0,0001    0         0,3556
47,510582            0,0002    0         0,7227
50,7872009          0          0        -0,1485
55,7021332          -0,0002    0        -0,7052
62,2553711          -0,0003    0        -1,2272
68,808609           -0,0005    0        -1,5345
75,3618469          -0,0005    0        -0,889
81,9150848          -0,0007    0        -1,2998
88,4683228          -0,0007    0        -1,4237
95,0215683          -0,0008    0        -1,2081
101,5748062         -0,0008
111,4046631         -0,0008
124,5111389         -0,0006
137,6176147         -0,0008
150,7240906         -0,0008
163,8305817         -0,0007
176,9370575         -0,0008
190,0435333         -0,0005
203,1500092         -0,0004
222,8097229         -0,0003
249,0226746          0,0003
275,2356262          0,0003
301,4486084          0,0005
327,6615601          0,0004
353,8745117          0,0003
380,0874634          0,0001
406,300415           0,0004
445,6198425         0
498,0457764         0
550,4716797         -0,0006
602,897583          -0,0008
655,3234863         -0,0015
707,7493896         -0,0016
760,175354          -0,0015
812,6012573         -0,001
