FCS Fitting Results

VEff[fl] =          0,398     
z0[µm] =            0,952     
w0[µm] =            0,274     
r1 =                0,0037    +-0,0038
t1[ms] =            4,1468    +-1283,0920
D1[µm²/s] =         4,53      +-1400,6
<N> =               871       +-123679
<C>[nM] =           3633      +-516013
k=z0/w0 =           3,474     
T =                 0,6896    +-44,0889
tT[ms] =            0,53206   +-34,48234

t[ms]                Ex. Corr. Fit Corr. Resids.
0,000225             0,0375
0,000275            -0,0035
0,000325             0,0205
0,000375            -0,0012
0,00045              0,0206
0,00055              0,0079
0,00065              0,0255
0,00075             -0,0069
0,00085             -0,0184
0,00095              0,0363
0,00105              0,0342
0,00115              0,0175
0,0012999           -0,0052
0,0014999           -0,0032
0,0016999            0,0052
0,0018999            0,0135
0,0020999            0,012
0,0022999            0,0082
0,0024999           -0,0037
0,0026999            0,0385
0,0029999           -0,0059
0,0033999           -0,0037
0,0037998            0,0065
0,0041998            0,0174
0,0045998            0,0215
0,0049998            0,0031
0,0053998           -0,0026
0,0057998            0,0199
0,0063997            0,0104
0,0071997            0,0015
0,0079997           -0,0075
0,0087996           -0,0018
0,0095996           -0,0035
0,0103996            0,0054    0,0036    0,2231
0,0111996            0,0089    0,0036    0,8135
0,0119995            0,0068    0,0036    0,5271
0,0131995            0,005     0,0036    0,2585
0,0147994           -0,0034    0,0036   -1,2961
0,0163993            0,0046    0,0036    0,3217
0,0179993            0,0019    0,0036   -0,4323
0,0195992            0,0063    0,0036    0,4879
0,0211992            0,0051    0,0036    0,5531
0,0227991           -0,0037    0,0036   -1,5764
0,024399             0,0059    0,0036    0,6926
0,0267989            0,005     0,0036    0,5538
0,0299988            0,0033    0,0035   -0,0846
0,0331987            0,0084    0,0035    1,324
0,0363985            0,0013    0,0035   -0,571
0,0395984            0,0031    0,0035   -0,1796
0,0427983            0,0037    0,0035    0,0954
0,0459982            0,0026    0,0034   -0,3817
0,049198             0,0066    0,0034    0,8116
0,0539978            0,0046    0,0034    0,6678
0,0603976            0,0027    0,0034   -0,2065
0,0667973            0,0059    0,0033    1,1926
0,0731971            0,0042    0,0033    0,2928
0,0795968            0,0027    0,0033   -0,5899
0,0859966           -0,0001    0,0032   -2,4048
0,0923963            0,0034    0,0032    0,0868
0,0987961            0,0015    0,0032   -0,6258
0,1083957            0,0022    0,0031   -1,148
0,1211952            0,0028    0,0031   -0,2504
0,1339947            0,0053    0,003     1,7059
0,1467942            0,004     0,003     0,5835
0,1595936            0,0017    0,0029   -0,8319
0,1723931            0,0054    0,0029    1,7244
0,1851926            0,004     0,0028    1,0497
0,1979921            0,0027    0,0028   -0,0477
0,2171914            0,0018    0,0027   -1,2519
0,2427903            0,0012    0,0026   -1,122
0,2683893            0,003     0,0025    0,6774
0,2939883            0,0042    0,0024    1,7777
0,3195873            0,003     0,0024    0,7465
0,3451863            0,0014    0,0023   -0,827
0,3707852            0,0021    0,0022   -0,1541
0,3963842            0,0038    0,0021    1,32
0,4347827            0,002     0,0021   -0,0257
0,4859807            0,0026    0,0019    1,3601
0,5371786            0,0018    0,0018    0,0166
0,5883766            0,0013    0,0017   -0,6954
0,6395745            0,0012    0,0016   -0,8549
0,6907725            0,0025    0,0016    0,7287
0,7419704            0,001     0,0015   -0,6755
0,7931684            0,0019    0,0014    0,5952
0,8699654            0,0015    0,0013    0,2654
0,9723613            0,001     0,0013   -0,5589
1,0747572            0,0016    0,0012    0,7035
1,1771531            0,0002    0,0011   -1,486
1,279549             0,001     0,001    -0,0713
1,381945             0,0011    0,001     0,2343
1,4843409            0,0013    0,0009    0,6254
1,5867368            0,0004    0,0009   -1,0085
1,7403307            0,0002    0,0009   -1,4526
1,9451225            0,0011    0,0008    1,0419
2,1499143            0,0007    0,0008   -0,1261
2,3547063            0,001     0,0007    0,8401
2,5594981            0,0009    0,0007    0,3476
2,7642899            0,0004    0,0007   -0,9207
2,9690816            0,0008    0,0007    0,41
3,1738737            0,0004    0,0006   -0,4611
3,4810615            0,0011    0,0006    2,125
3,890645             0,0003    0,0006   -0,6459
4,3002286            0,0002    0,0005   -1,1326
4,7098126            0,0006    0,0005    0,1164
5,1193962            0,0003    0,0005   -0,5575
5,5289798            0,0003    0,0005   -0,3155
5,9385633            0,0002    0,0004   -0,8973
6,3481474            0,0004    0,0004   -0,0163
6,9625225            0,0005    0,0004    0,3294
7,7816901            0,0005    0,0004    0,4964
8,6008577            0,0006    0,0003    0,9842
9,4200249           -0,0002    0,0003   -2,5259
10,239192            0,0001    0,0003   -0,8094
11,0583591           0,0001    0,0003   -0,9311
11,8775272          -0,0003    0,0003   -2,4269
12,6966944           0,0002    0,0003   -0,2567
13,9254456          -0,0002    0,0002   -1,5073
15,5637798           0,0001    0,0002   -0,6007
17,2021141           0,0001    0,0002   -0,2914
18,8404503          -0,0001    0,0002   -1,1599
20,4787846           0,0004    0,0002    0,7183
22,1171188           0,0001    0,0002   -0,1824
23,7554531           0,0003    0,0001    0,5684
25,3937893           0,0001    0,0001    0,0209
27,8512917           0         0,0001   -0,1862
31,1279602           0,0001    0,0001    0,0179
34,4046288           0         0,0001   -0,1616
37,6813011           0         0,0001   -0,123
40,9579697           0,0002    0,0001    0,1683
44,2346382           0,0002    0,0001    0,1661
47,5113068           0         0,0001   -0,0867
50,7879791           0,0003    0,0001    0,3254
55,70298            -0,0001    0,0001   -0,3085
62,256321           -0,0001    0        -0,2251
68,8096619          -0,0002    0        -0,3009
75,362999           -0,0001    0        -0,2292
81,9163361          -0,0003    0        -0,4155
88,4696732          -0,0002    0        -0,3035
95,0230179          -0,0003    0        -0,3614
101,576355          -0,0003
111,4063644         -0,0001
124,5130386         -0,0002
137,6197205         -0,0001
150,7263947         -0,0002
163,8330688         -0,0002
176,9397583         -0,0002
190,0464325         -0,0001
203,1531067         -0,0002
222,8131256         -0,0002
249,0264893         -0,0001
275,2398376         -0,0002
301,453186          -0,0002
327,6665649         -0,0007
353,8799133         -0,0006
380,0932617         -0,0007
406,3066101         -0,0003
445,6266479         -0,0002
498,0533752          0
550,4801025          0,0002
602,9067993          0,0005
655,3334961          0,0001
707,7601929         -0,0006
760,1869507         -0,0001
812,6136475          0,0001
