FCS Fitting Results

VEff[fl] =          0,398     
z0[µm] =            0,952     
w0[µm] =            0,274     
r1 =                0,0123    +-0,0116
t1[ms] =            0,8310    +-54,1527
D1[µm²/s] =         22,6      +-1472,0
<N> =               308       +-412
<C>[nM] =           1286      +-1718
k=z0/w0 =           3,474     
T =                 0,7363    +-0,2493
tT[ms] =            0,000000010+-26,82032

t[ms]                Ex. Corr. Fit Corr. Resids.
0,000225             0,0395
0,000275             0,0073
0,000325             0,0038
0,000375             0,0429
0,00045             -0,0027
0,00055             -0,0119
0,00065              0,0084
0,00075              0,0016
0,00085             -0,0152
0,00095              0,0243
0,00105             -0,0119
0,00115             -0,0037
0,0013              -0,004
0,0015               0,0069
0,0016999           -0,0059
0,0018999            0,0161
0,0020999            0,0073
0,0022999           -0,0097
0,0024999            0,0119
0,0026999           -0,0047
0,0029999           -0,0012
0,0033999            0,018
0,0037999            0,0071
0,0041999           -0,0112
0,0045998            0,0031
0,0049998           -0,007
0,0053998            0,006
0,0057998            0,0089
0,0063998            0,0051
0,0071998            0,0033
0,0079997            0,0107
0,0087997            0,0053
0,0095997            0,0031
0,0103997            0,0003    0,0032   -0,3771
0,0111996           -0,005     0,0032   -2,5962
0,0119996           -0,0098    0,0032   -3,7484
0,0131996            0,0082    0,0032    0,9458
0,0147995            0,0115    0,0032    2,5253
0,0163995            0,0049    0,0032    0,5626
0,0179994            0,0034    0,0032    0,0467
0,0195994            0,0042    0,0032    0,2341
0,0211993           -0,0015    0,0032   -1,4228
0,0227993            0,0055    0,0032    0,8742
0,0243992            0,0047    0,0031    0,4471
0,0267991            0,0055    0,0031    1,366
0,029999             0,0062    0,0031    1,3899
0,0331989            0,0047    0,0031    0,4537
0,0363988            0,0022    0,0031   -0,5086
0,0395987           -0,0006    0,0031   -1,8678
0,0427986            0,0019    0,0031   -0,3812
0,0459985            0,0036    0,0031    0,1405
0,0491984            0,0041    0,0031    0,2647
0,0539982            0,0015    0,003    -1,006
0,060398             0,0038    0,003     0,5246
0,0667978            0,0038    0,003     0,5767
0,0731976            0,004     0,003     0,9791
0,0795974            0,0034    0,0029    0,1623
0,0859972            0,002     0,0029   -0,4232
0,092397             0,0009    0,0029   -1,1044
0,0987968            0,005     0,0029    0,8602
0,1083965            0,002     0,0029   -0,5785
0,121196             0,0028    0,0028   -0,0036
0,1339956            0,0021    0,0028   -0,3641
0,1467952            0,0022    0,0027   -0,7544
0,1595948            0,0022    0,0027   -0,2676
0,1723944            0,0044    0,0027    1,1626
0,1851939            0,0014    0,0026   -0,8386
0,1979935           -0,0001    0,0026   -2,5722
0,2171929            0,0037    0,0025    1,0493
0,2427921            0,0037    0,0025    1,7325
0,2683912            0,0032    0,0024    0,5106
0,2939904            0,0027    0,0024    0,2987
0,3195895            0,002     0,0023   -0,3327
0,3451887            0,0021    0,0023   -0,2225
0,3707879            0,0031    0,0022    0,8701
0,396387             0,0025    0,0022    0,3481
0,4347858            0,0022    0,0021    0,1626
0,4859841            0,0013    0,002    -1,0132
0,5371824            0,0023    0,0019    0,4278
0,5883808            0,0016    0,0018   -0,3713
0,6395791            0,0008    0,0018   -1,0118
0,6907774            0,0021    0,0017    0,5658
0,7419757            0,0021    0,0017    1,0928
0,793174             0,001     0,0016   -1,2912
0,8699715            0,0013    0,0015   -0,5235
0,9723682            0,0013    0,0014   -0,2032
1,0747648            0,0014    0,0013    0,1502
1,1771615            0,001     0,0013   -0,5423
1,2795581            0,0012    0,0012   -0,0275
1,3819548            0,0013    0,0011    0,6522
1,4843514            0,0009    0,0011   -0,4176
1,5867481            0,0016    0,001     1,3818
1,7403431            0,0009    0,001    -0,3834
1,9451363            0,0003    0,0009   -2,0428
2,1499295            0,001     0,0008    0,482
2,354723             0,0011    0,0008    0,6698
2,5595162            0,0003    0,0007   -1,3592
2,7643094            0,0014    0,0007    1,6865
2,9691029            0,0006    0,0006   -0,1832
3,1738961            0,0007    0,0006    0,2538
3,481086             0,0003    0,0005   -0,6185
3,8906727            0,0004    0,0005   -0,4164
4,3002591            0,0005    0,0004    0,2175
4,709846             0,0002    0,0004   -0,737
5,1194324            0,0005    0,0004    0,5271
5,5290189            0,0009    0,0003    2,6742
5,9386058            0,0003    0,0003   -0,1525
6,3481922            0,0004    0,0003    1,2153
6,9625721            0,0005    0,0003    0,7837
7,7817454            0,0006    0,0002    1,5964
8,6009188            0,0001    0,0002   -0,3432
9,4200916            0,0003    0,0002    0,5033
10,2392645           0,0003    0,0002    1,1462
11,0584383           0,0005    0,0002    1,9378
11,8776112           0,0002    0,0001    0,3057
12,696784            0         0,0001   -0,6903
13,9255438           0         0,0001   -0,4655
15,5638905           0,0001    0,0001   -0,1904
17,2022362          -0,0002    0,0001   -1,0963
18,8405838           0,0002    0,0001    0,3393
20,4789295           0,0001    0,0001    0,2803
22,1172752          -0,0001    0,0001   -0,8488
23,7556229           0         0,0001   -0,0608
25,3939686          -0,0001    0,0001   -0,6773
27,8514881          -0,0002    0        -0,9366
31,1281815          0          0        -0,2032
34,4048729          -0,0001    0        -0,4518
37,6815681          0          0        -0,2541
40,9582596          0          0        -0,1376
44,234951           -0,0001    0        -0,4547
47,5116463          0          0        -0,1574
50,7883377           0,0001    0         0,1557
55,7033768           0         0         0,0828
62,2567635           0,0001    0         0,1929
68,8101501           0,0001    0         0,3044
75,363533            0,0001    0         0,1104
81,9169159           0,0002    0         0,4471
88,4703064           0,0002    0         0,4772
95,0236893           0,0003    0         0,5087
101,5770721          0,0003
111,4071503          0,0004
124,5139236          0,0004
137,620697           0,0003
150,7274628          0,0003
163,8342438          0,0005
176,9410095          0,0005
190,0477753          0,0003
203,1545563          0,0004
222,8147125          0,0006
249,028244           0,0003
275,2417908          0,0001
301,4553223          0
327,6688843          0,0001
353,8824158          0,0002
380,0959473          0,0001
406,3095093         -0,0002
445,6298218         -0,0001
498,0568848          0,0003
550,4840088          0,0002
602,9110718          0,0001
655,3381348          0,0005
707,7652588          0,0003
760,1923218          0
812,6193848         0
