FCS Fitting Results

VEff[fl] =          0,398     
z0[µm] =            0,952     
w0[µm] =            0,274     
r1 =                0,0041    +-0,0032
t1[ms] =            1,4549    +-139,9876
D1[µm²/s] =         12,9      +-1241,4
<N> =               835       +-92223
<C>[nM] =           3485      +-384775
k=z0/w0 =           3,474     
T =                 0,7080    +-32,2388
tT[ms] =            0,47363   +-21,95794

t[ms]                Ex. Corr. Fit Corr. Resids.
0,000225             0,0381
0,000275             0,0426
0,000325             0,0062
0,000375             0,0025
0,00045              0,0304
0,00055              0,0371
0,00065             -0,0131
0,00075              0,0162
0,00085             -0,0028
0,0009499            0,0154
0,0010499            0,0107
0,0011499            0,0136
0,0012999            0,0074
0,0014999           -0,0198
0,0016999           -0,0012
0,0018999            0,0058
0,0020999            0,0093
0,0022999            0,0054
0,0024999            0,0118
0,0026998            0,0057
0,0029998           -0,0018
0,0033998           -0,0045
0,0037998            0,0089
0,0041998            0,0006
0,0045997            0,0052
0,0049997            0,0146
0,0053997            0,0003
0,0057997           -0,0057
0,0063996            0,0045
0,0071996            0,0107
0,0079995            0,0054
0,0087995            0,0065
0,0095995            0,0151
0,0103994            0,0035    0,004    -0,0963
0,0111994            0,0037    0,004    -0,0835
0,0119993            0,0006    0,004    -0,3917
0,0131993            0,0034    0,004    -0,1035
0,0147992           -0,0016    0,004    -1,9252
0,0163991            0,0004    0,004    -1,0153
0,017999             0,0033    0,0039   -0,2865
0,0195989            0,0025    0,0039   -0,3515
0,0211988            0,0101    0,0039    1,542
0,0227987            0,002     0,0039   -0,7205
0,0243986           0          0,0039   -1,0808
0,0267985            0,0054    0,0039    0,5026
0,0299983            0,0021    0,0038   -0,5341
0,0331981            0,0046    0,0038    0,3043
0,0363979            0,0032    0,0038   -0,2684
0,0395978            0,0067    0,0038    0,8664
0,0427976            0,005     0,0037    0,5509
0,0459974            0,0034    0,0037   -0,0826
0,0491972            0,0079    0,0037    1,6263
0,0539969            0,0039    0,0036    0,1013
0,0603966            0,0026    0,0036   -0,4593
0,0667962            0,002     0,0035   -0,6769
0,0731959            0,0068    0,0035    1,2321
0,0795955            0,0052    0,0035    1,3048
0,0859951            0,0031    0,0034   -0,1205
0,0923948            0,0036    0,0034    0,0944
0,0987944            0,0068    0,0033    0,9919
0,1083939            0,0006    0,0033   -1,4408
0,1211931            0,0018    0,0032   -1,1327
0,1339924            0,0027    0,0031   -0,3084
0,1467917            0,0038    0,003     0,6203
0,159591             0,0038    0,0029    0,3815
0,1723903            0,0045    0,0029    2,1111
0,1851895            0,0005    0,0028   -1,6921
0,1979888            0,0024    0,0027   -0,4593
0,2171877            0,0051    0,0026    2,1353
0,2427863            0,0033    0,0025    0,3881
0,2683848            0,0027    0,0024    0,4482
0,2939834            0,0009    0,0023   -1,311
0,3195819            0,0024    0,0022    0,1425
0,3451805            0,0014    0,0021   -0,7398
0,370779            -0,0004    0,002    -2,4117
0,3963776            0,002     0,0019    0,1018
0,4347754            0,0012    0,0018   -0,6134
0,4859725            0,0025    0,0017    0,9378
0,5371696            0,0007    0,0015   -1,025
0,5883667            0,0017    0,0014    0,3831
0,6395639            0,002     0,0013    0,9113
0,690761             0,0011    0,0012   -0,1551
0,741958             0,0018    0,0012    0,7677
0,7931551            0,0014    0,0011    0,3321
0,8699508            0,0009    0,001    -0,2941
0,9723451            0,001     0,0009    0,0866
1,0747392            0,001     0,0008    0,2263
1,1771334            0,001     0,0008    0,2644
1,2795277            0,0007    0,0007   -0,0023
1,3819219            0,0005    0,0007   -0,445
1,4843161            0,0002    0,0006   -1,0307
1,5867103            0,0017    0,0006    2,1573
1,7403016            0,0008    0,0006    0,8038
1,9450901            0,0008    0,0005    0,5675
2,1498785            0,0001    0,0005   -1,4154
2,3546669            0,0002    0,0004   -0,5363
2,5594554           -0,0003    0,0004   -1,5123
2,7642436            0,0009    0,0004    1,2054
2,969032             0,0006    0,0004    0,6691
3,1738205            0,0002    0,0003   -0,3572
3,4810033            0,0006    0,0003    0,9011
3,8905799            0,0002    0,0003   -0,4618
4,3001571            0,0002    0,0003   -0,3686
4,709734             0,0004    0,0003    0,4686
5,1193104            0,0004    0,0002    0,6921
5,5288873            0,0001    0,0002   -0,3958
5,9384642           0          0,0002   -0,6213
6,3480411            0,0001    0,0002   -0,1807
6,9624062            0         0,0002   -0,4547
7,7815599            0,0001    0,0002   -0,0973
8,6007137            0,0001    0,0001   -0,0898
9,4198675            0,0001    0,0001    0,009
10,2390213           0         0,0001   -0,3286
11,0581751           0         0,0001   -0,3216
11,8773289           0         0,0001   -0,2105
12,6964817          -0,0002    0,0001   -0,7912
13,9252129          0          0,0001   -0,5469
15,5635204          -0,0001    0,0001   -0,4848
17,201828           -0,0004    0,0001   -1,6359
18,8401356          -0,0003    0,0001   -1,15
20,4784431          -0,0005    0,0001   -2,0684
22,1167488          -0,0003    0        -1,5968
23,7550564          -0,0003    0        -0,7527
25,393364           -0,0004    0        -1,4461
27,8508263          -0,0002    0        -0,58
31,1274395          -0,0003    0        -0,6751
34,4040565          -0,0005    0        -0,8574
37,6806679          -0,0006    0        -1,4288
40,957283           -0,0006    0        -1,4413
44,2338982          -0,0007    0        -3,3081
47,5105133          -0,0007    0        -2,2582
50,7871284          -0,0007    0        -1,9864
55,7020493          -0,0007    0        -1,766
62,2552795          -0,0005    0        -1,1629
68,8085098          -0,0007    0        -1,7889
75,3617401          -0,0009    0        -2,3357
81,9149704          -0,0007    0        -1,5287
88,4682007          -0,0009    0        -1,5141
95,021431           -0,0007    0        -1,2088
101,5746536         -0,0009
111,4045029         -0,0008
124,5109634         -0,0007
137,6174164         -0,0006
150,723877          -0,0006
163,8303375         -0,0005
176,9367981         -0,0005
190,0432587         -0,0007
203,1497192         -0,0005
222,8094025         -0,0004
249,0223236         -0,0003
275,2352295         -0,0001
301,4481506         -0,0003
327,6610718         -0,0002
353,8739929         -0,0004
380,0869141         -0,0004
406,2998352         -0,0005
445,6192017         -0,0006
498,0450439          0
550,4708862         -0,0005
602,8967285         -0,0006
655,3225708         -0,0005
707,7484131         -0,0017
760,1741943         -0,0018
812,6000366         -0,0022
