FCS Fitting Results

VEff[fl] =          0,398     
z0[µm] =            0,952     
w0[µm] =            0,274     
r1 =                0,0044    +-0,0068
t1[ms] =            0,4435    +-24,8951
D1[µm²/s] =         42,3      +-2375,9
<N> =               227       +-494
<C>[nM] =           948       +-2061
k=z0/w0 =           3,474     
T =                 0         +-1,5372
tT[ms] =            0,0000    

t[ms]                Ex. Corr. Fit Corr. Resids.
0,000225             0,0206
0,000275             0,0416
0,000325             0,0338
0,000375            -0,0346
0,00045              0,0034
0,00055              0,001
0,00065              0,0124
0,00075             -0,0166
0,00085              0,0077
0,00095             -0,0011
0,00105             -0,0061
0,00115              0,0147
0,0013              -0,0051
0,0015               0,0091
0,0017              -0,0122
0,0018999           -0,0221
0,0020999            0,0067
0,0022999            0,0295
0,0024999            0,0181
0,0026999           -0,0079
0,0029999           -0,0052
0,0033999           -0,0092
0,0037999           -0,0003
0,0041999           -0,0008
0,0045999           -0,0028
0,0049999            0,001
0,0053998            0,0022
0,0057998            0,0005
0,0063998            0,004
0,0071998            0,0041
0,0079998            0,0064
0,0087997           -0,0012
0,0095997            0,004
0,0103997           -0,0059    0,0043   -0,2338
0,0111997            0,0032    0,0043   -0,0352
0,0119997            0,0069    0,0043    0,1934
0,0131996            0,0035    0,0043   -0,0299
0,0147996           -0,0048    0,0043   -0,6821
0,0163995            0,0043    0,0042    0,0021
0,0179995            0,0011    0,0042   -0,2915
0,0195994            0,0026    0,0042   -0,2637
0,0211994            0,0083    0,0042    0,8404
0,0227993           -0,0017    0,0042   -0,2763
0,0243993           -0,0044    0,0042   -0,2305
0,0267992            0,0046    0,0041    0,1096
0,0299991            0,0055    0,0041    0,0604
0,033199             0,0041    0,0041    0,0042
0,0363989            0,008     0,0041    0,2444
0,0395989            0,0079    0,004     0,569
0,0427988            0,0049    0,004     0,2489
0,0459987            0,0083    0,004     0,3078
0,0491986            0,0049    0,0039    0,053
0,0539984            0,0023    0,0039   -0,1728
0,0603983            0,0005    0,0039   -0,4354
0,0667981            0,0017    0,0038   -0,2105
0,0731979            0,0033    0,0038   -0,0406
0,0795977            0,004     0,0037    0,0169
0,0859975            0,0078    0,0037    0,2201
0,0923973            0,0043    0,0036    0,1461
0,0987971            0,0035    0,0036   -0,0059
0,1083969            0,0011    0,0035   -0,7784
0,1211965            0,0025    0,0034   -0,0902
0,1339961            0,0044    0,0033    0,1361
0,1467957            0,0042    0,0033    0,1054
0,1595954            0,0038    0,0032    0,0994
0,172395             0,0025    0,0031   -0,4468
0,1851946            0,0033    0,0031    0,0742
0,1979943            0,0009    0,003    -0,2831
0,2171937            0,0026    0,0029   -0,1109
0,242793             0,0046    0,0028    1,423
0,2683922            0,0048    0,0027    2,1459
0,2939915            0,003     0,0026    0,0585
0,3195907            0,0028    0,0025    0,1051
0,34519              0,0038    0,0024    0,1457
0,3707893            0,002     0,0023   -0,2854
0,3963885            0,0022    0,0022   -0,0157
0,4347874            0,0025    0,0021    0,1272
0,4859859            0,0026    0,002     0,1355
0,5371845            0,0018    0,0019   -0,0308
0,588383             0,003     0,0018    0,1813
0,6395815            0,0031    0,0017    1,0578
0,69078              0,0031    0,0016    0,4392
0,7419785            0,003     0,0015    0,2066
0,7931771            0,0018    0,0015    0,0669
0,8699749            0,0017    0,0014    0,0626
0,9723719            0,0019    0,0013    0,1774
1,0747689            0,0014    0,0012    0,2444
1,177166             0,0028    0,0011    0,8039
1,279563             0,0011    0,001     0,05
1,38196              0,0015    0,001     0,117
1,4843571            0,0004    0,0009   -0,6233
1,5867541            0,0015    0,0008    0,1526
1,7403497            0,0013    0,0008    0,3125
1,9451437            0,0005    0,0007   -0,2229
2,1499379            0,0008    0,0006    0,1254
2,3547318            0,0014    0,0006    0,57
2,559526             0,0006    0,0005    0,0131
2,7643201            0,0012    0,0005    0,6665
2,9691141            0,0004    0,0005   -0,065
3,1739082            0,0004    0,0004   -0,0359
3,4810994            0,0008    0,0004    0,6415
3,8906875            0,0006    0,0003    0,2044
4,3002758            0,0004    0,0003    0,2093
4,7098637            0,0002    0,0003   -0,1642
5,119452             0,0003    0,0003    0,06
5,5290403           -0,0002    0,0002   -0,4369
5,9386282            0,0001    0,0002   -0,5029
6,3482165            0,0002    0,0002    0,0372
6,9625988            0,0007    0,0002    2,4559
7,781775            -0,0001    0,0002   -0,1412
8,6009512           -0,0003    0,0001   -0,3377
9,4201279           -0,0004    0,0001   -0,8397
10,2393036           0,0001    0,0001    0,0117
11,0584803          -0,0006    0,0001   -0,4024
11,8776569          -0,0002    0,0001   -0,149
12,6968327          -0,0001    0,0001   -0,3708
13,9255972          -0,0002    0,0001   -0,2473
15,5639496          -0,0002    0,0001   -0,1519
17,2023029          -0,0002    0,0001   -0,0896
18,8406544          -0,0001    0        -0,173
20,4790077          -0,0003    0        -0,1239
22,1173611          -0,0006    0        -0,1998
23,7557125          -0,0005    0        -0,2695
25,3940659          -0,0009    0        -0,4143
27,8515949          -0,0008    0        -0,2926
31,1282997          -0,0006    0        -0,2613
34,4050064          -0,0007    0        -0,251
37,6817093          -0,0008    0        -0,3236
40,958416           -0,0007    0        -0,2659
44,2351227          -0,0006    0        -0,2228
47,5118256          -0,0008    0        -0,2458
50,7885323          -0,0009    0        -0,2607
55,7035904          -0,0009    0        -0,2103
62,257              -0,0009    0        -0,2922
68,8104095          -0,0009    0        -0,2612
75,3638229          -0,0008    0        -0,2394
81,9172287          -0,0005    0        -0,1724
88,4706421          -0,001     0        -0,24
95,0240555          -0,001     0        -0,286
101,5774612         -0,0012
111,4075775         -0,0012
124,5143967         -0,0011
137,6212158         -0,0008
150,7280426         -0,0009
163,8348694         -0,001
176,9416809         -0,0012
190,0485077         -0,0013
203,1553192         -0,0013
222,8155518         -0,0014
249,0292053         -0,0015
275,2428284         -0,0015
301,4564819         -0,0016
327,6701355         -0,0015
353,8837585         -0,0011
380,0974121         -0,0012
406,3110657         -0,0004
445,6315002         -0,0002
498,0588074          0,0001
550,486084           0,0002
602,9133911         -0,0007
655,3406372         -0,0007
707,7679443         -0,0014
760,1951904         -0,0008
812,6224976         -0,0009
