FCS Fitting Results

VEff[fl] =          0,398     
z0[µm] =            0,952     
w0[µm] =            0,274     
r1 =                0,0050    +-0,0032
t1[ms] =            0,4717    +-12,2900
D1[µm²/s] =         39,8      +-1036,8
<N> =               200       +-127
<C>[nM] =           834       +-529
k=z0/w0 =           3,474     
T =                 1,000     
tT[ms] =            13,81090  +-10622,12000

t[ms]                Ex. Corr. Fit Corr. Resids.
0,000225             0,0385
0,000275             0,004
0,000325             0,0286
0,000375             0,047
0,00045             -0,0152
0,00055              0,0058
0,00065              0,0209
0,00075              0,0026
0,00085              0,004
0,00095             -0,0024
0,0010499            0,019
0,0011499            0,0134
0,0012999            0,0001
0,0014999           -0,012
0,0016999           -0,0008
0,0018999           -0,0035
0,0020999            0,0059
0,0022999           -0,0092
0,0024999            0,0028
0,0026999            0,0018
0,0029998           -0,0011
0,0033998            0,0012
0,0037998            0,003
0,0041998            0,0071
0,0045998            0,0143
0,0049997            0,0061
0,0053997           -0,0095
0,0057997           -0,0001
0,0063997            0,0077
0,0071996           -0,005
0,0079996           -0,0051
0,0087995            0,0049
0,0095995            0,0096
0,0103995            0,0062    0,0049    0,336
0,0111994           -0,0048    0,0049   -1,1134
0,0119994            0,0097    0,0049    0,9187
0,0131993            0,0054    0,0049    0,0652
0,0147992            0,005     0,0048    0,0322
0,0163991            0,0096    0,0048    0,7168
0,0179991            0,0024    0,0048   -0,362
0,019599             0,0034    0,0048   -0,1945
0,0211989            0,0087    0,0048    0,4548
0,0227988            0,0075    0,0048    0,694
0,0243987            0,0041    0,0047   -0,0879
0,0267986            0,0071    0,0047    0,6546
0,0299984            0,0026    0,0047   -0,4252
0,0331983            0,0033    0,0046   -0,4453
0,0363981            0,0016    0,0046   -0,7099
0,0395979            0,0025    0,0046   -0,675
0,0427978            0,0025    0,0046   -0,5869
0,0459976            0,0055    0,0045    0,3001
0,0491974            0,0092    0,0045    1,3951
0,0539972            0,0052    0,0044    0,3522
0,0603969            0,0048    0,0044    0,2629
0,0667965            0,0045    0,0043    0,08
0,0731962            0,0063    0,0043    0,8851
0,0795959            0,0038    0,0042   -0,1444
0,0859955           -0,0002    0,0042   -1,5658
0,0923952            0,0046    0,0041    0,3353
0,0987949            0,0037    0,0041   -0,2067
0,1083944            0,0036    0,004    -0,1501
0,1211937            0,0027    0,0039   -0,6629
0,133993             0,0021    0,0038   -2,5441
0,1467924            0,0034    0,0037   -0,4303
0,1595917            0,0035    0,0036   -0,1039
0,1723911            0,0033    0,0036   -0,2137
0,1851904            0,0024    0,0035   -0,7967
0,1979897            0,0047    0,0034    0,4654
0,2171887            0,0036    0,0033    0,1219
0,2427874            0,004     0,0032    0,6509
0,2683861            0,0034    0,0031    0,3228
0,2939847            0,002     0,0029   -0,4606
0,3195834            0,003     0,0028    0,1841
0,3451821            0,0026    0,0027   -0,0803
0,3707808            0,0038    0,0026    1,2349
0,3963794            0,0026    0,0026    0,0785
0,4347774            0,0028    0,0024    0,4991
0,4859748            0,0028    0,0023    0,7073
0,5371721            0,0018    0,0021   -0,4544
0,5883695            0,0024    0,002     0,4482
0,6395668            0,0017    0,0019   -0,2737
0,6907642            0,0017    0,0018   -0,1001
0,7419615            0,0013    0,0017   -1,0766
0,7931588            0,0024    0,0016    0,8919
0,8699549            0,0016    0,0015    0,1138
0,9723495            0,0019    0,0014    0,6767
1,0747442            0,0016    0,0013    0,3702
1,1771389            0,0013    0,0012    0,1347
1,2795336            0,0013    0,0011    0,3483
1,3819283            0,0019    0,001     0,6597
1,484323             0,001     0,001    -0,0133
1,5867177            0,0011    0,0009    0,244
1,7403097            0,0006    0,0008   -0,4333
1,9450991            0,001     0,0007    0,2611
2,1498885            0,0006    0,0007   -0,0794
2,3546779            0,001     0,0006    0,9876
2,5594673            0,001     0,0005    1,0093
2,7642565            0,0011    0,0005    1,4715
2,9690459            0,0008    0,0004    0,3948
3,1738353            0,0003    0,0004   -0,1403
3,4810195            0,0004    0,0004    0,0108
3,8905981            0,0008    0,0003    0,8813
4,3001771            0,0004    0,0003    0,3289
4,7097554            0,0002    0,0002   -0,0812
5,1193342            0,0002    0,0002   -0,0093
5,528913            -0,0002    0,0002   -1,6016
5,9384918            0,0003    0,0002    0,671
6,3480706            0         0,0002   -0,3638
6,9624386            0,0001    0,0001    0,0691
7,7815962           -0,0005    0,0001   -2,947
8,6007538            0         0,0001   -0,1784
9,4199114           -0,0004    0,0001   -2,4522
10,239069           -0,0002    0,0001   -0,8295
11,0582266          -0,0004    0,0001   -1,4498
11,8773842          -0,0002    0        -0,8008
12,6965408          -0,0004    0        -1,7239
13,9252777          -0,0002    0        -0,6799
15,5635929          -0,0003    0        -1,6864
17,2019081           0         0        -0,0676
18,8402233          -0,0001    0        -0,6822
20,4785366           0         0        -0,0238
22,1168518          0          0        -0,1181
23,755167           -0,0002    0        -0,4885
25,3934822          -0,0004    0        -0,9309
27,850956           -0,0005    0        -1,2469
31,1275845          -0,0004    0        -1,0058
34,4042168          -0,0005    0        -1,1406
37,6808434          -0,0001    0        -0,2758
40,9574738          -0,0002    0        -0,6939
44,2341042          -0,0005    0        -1,0839
47,5107346          -0,0005    0        -1,0421
50,787365           -0,0006    0        -1,3344
55,7023087          -0,0004    0        -0,9628
62,2555695          -0,0006    0        -1,0813
68,8088303          -0,0009    0        -1,8557
75,3620911          -0,0007    0        -1,1685
81,9153519          -0,0005    0        -1,0055
88,4686127          -0,0005    0        -0,9312
95,0218735          -0,0003    0        -0,507
101,5751266         -0,0005
111,4050217         -0,0006
124,5115433         -0,0005
137,6180573         -0,0005
150,7245789         -0,0009
163,8311005         -0,0009
176,9376221         -0,0008
190,0441437         -0,0006
203,1506653         -0,0007
222,8104401         -0,0002
249,0234833         -0,0001
275,2365112          0
301,4495544          0,0002
327,6625977          0,0002
353,8756409          0,0003
380,0886841          0,0003
406,3017273          0,0008
445,6212769          0,0014
498,0473633          0,0009
550,4734497          0,0013
602,8995361          0,0013
655,3256226          0,0016
707,751709           0,0017
760,1777344          0,0019
812,6038208          0,002
