FCS Fitting Results

VEff[fl] =          0,398     
z0[µm] =            0,952     
w0[µm] =            0,274     
r1 =                0,0047    +-0,0028
t1[ms] =            0,5145    +-12,7801
D1[µm²/s] =         36,5      +-906,3
<N> =               282       +-2607
<C>[nM] =           1177      +-10876
k=z0/w0 =           3,474     
T =                 0,2458    +-6,9548
tT[ms] =            0,13153   +-4,16503

t[ms]                Ex. Corr. Fit Corr. Resids.
0,000225             0,0179
0,000275            -0,0144
0,000325             0,0015
0,000375            -0,0214
0,00045             -0,0073
0,00055              0,0009
0,00065             -0,0109
0,00075              0,0089
0,00085             -0,0187
0,00095              0,0017
0,00105              0,0117
0,00115              0,0346
0,0013              -0,0201
0,0015               0,0099
0,0017              -0,0032
0,0019              -0,0018
0,0021               0,0174
0,0023               0,0042
0,0025               0,0058
0,0027               0,0131
0,003               -0,0072
0,0034              -0,0074
0,0038              -0,0029
0,0042              -0,0073
0,0046               0,0013
0,005                0,0022
0,0053999            0,0079
0,0057999           -0,0024
0,0063999            0,0049
0,0071999            0,0037
0,0079999            0,0034
0,0087999            0,0022
0,0095999            0,0052
0,0103999            0,0069    0,0045    0,3964
0,0111999            0,0004    0,0045   -0,6622
0,0119999            0,0051    0,0045    0,0596
0,0131999            0,0033    0,0045   -0,2742
0,0147999            0,0018    0,0044   -0,4702
0,0163998            0,0009    0,0044   -0,7226
0,0179998            0,0057    0,0044    0,181
0,0195998            0,005     0,0044    0,134
0,0211998            0,0044    0,0043    0,0189
0,0227998            0,0077    0,0043    0,2882
0,0243998            0,0037    0,0043   -0,1331
0,0267997            0,0052    0,0043    0,1307
0,0299997            0,0026    0,0042   -0,3973
0,0331997            0,001     0,0042   -0,9424
0,0363996            0,0009    0,0041   -0,879
0,0395996            0,0017    0,0041   -0,3413
0,0427996            0,0063    0,004     0,7897
0,0459996            0,0044    0,004     0,1519
0,0491995            0,0045    0,0039    0,1295
0,0539995            0,0081    0,0039    1,0035
0,0603994            0,0062    0,0038    0,8735
0,0667994            0,0033    0,0037   -0,2619
0,0731993            0,0037    0,0037    0,0019
0,0795992            0,004     0,0036    0,0871
0,0859992            0,007     0,0035    1,7642
0,0923991            0,0033    0,0035   -0,0331
0,098799             0,004     0,0034    0,1419
0,108399             0,0055    0,0033    0,7745
0,1211988            0,0021    0,0032   -0,7756
0,1339987            0,0036    0,0031    0,1315
0,1467986            0,0028    0,003    -0,104
0,1595985            0,0015    0,0029   -0,6356
0,1723983            0,005     0,0028    1,8091
0,1851982            0,0011    0,0028   -1,7908
0,1979981            0,0044    0,0027    0,7474
0,2171979            0,0037    0,0026    0,646
0,2427976            0,0025    0,0025    0,0335
0,2683974            0,0021    0,0024   -0,2424
0,2939971            0,0037    0,0023    1,0539
0,3195969           -0,0004    0,0022   -2,1962
0,3451967            0,0019    0,0021   -0,2368
0,3707964            0,0008    0,002    -0,8153
0,3963962            0,0019    0,002    -0,0621
0,4347958            0,0011    0,0019   -0,7397
0,4859953            0,003     0,0018    1,4569
0,5371948            0,0016    0,0017   -0,1103
0,5883943            0,0017    0,0016    0,1048
0,6395938            0,0019    0,0015    0,2558
0,6907933            0,0021    0,0014    0,8181
0,7419928            0,0016    0,0014    0,1767
0,7931923            0,0021    0,0013    0,6186
0,8699915            0,0018    0,0012    0,4627
0,9723906            0,001     0,0011   -0,0928
1,0747896            0,0007    0,0011   -0,6136
1,1771886            0,0019    0,001     0,8621
1,2795876            0,0015    0,0009    0,4039
1,3819866            0,0007    0,0009   -0,1202
1,4843856            0,0004    0,0008   -0,8415
1,5867846            0,0009    0,0008    0,1474
1,7403831            0,0009    0,0007    0,3273
1,9451811            0,0008    0,0006    0,1585
2,1499791            0,0007    0,0006    0,3243
2,3547771            0,0009    0,0005    0,4186
2,5595751           -0,0002    0,0005   -0,8212
2,7643733            0,0006    0,0005    0,1951
2,9691713            0,0002    0,0004   -0,4613
3,1739693            0,0002    0,0004   -0,3887
3,4811664            0,0005    0,0004    0,2631
3,8907623            0,0006    0,0003    0,5197
4,3003583            0,0003    0,0003   -0,0272
4,7099543            0,0002    0,0003   -0,1938
5,1195502            0,0003    0,0002    0,4041
5,5291462           0          0,0002   -0,9284
5,9387426            0,0002    0,0002    0,0105
6,3483386           0          0,0002   -0,4754
6,9627323           -0,0003    0,0002   -3,0013
7,7819247            0,0002    0,0001    0,2273
8,6011171            0,0003    0,0001    0,7168
9,4203091            0,0001    0,0001   -0,0308
10,239501            0,0001    0,0001   -0,2005
11,0586929           0,0004    0,0001    0,5808
11,8778849           0,0003    0,0001    0,9344
12,6970768           0,0005    0,0001    1,3173
13,9258652           0,0002    0,0001    0,313
15,564249            0,0003    0,0001    1,439
17,2026329          -0,0002    0,0001   -1,5713
18,8410168           0         0        -0,0872
20,4794006           0,0003    0         1,2065
22,1177864           0,0001    0         0,1247
23,7561703           0,0003    0         0,7327
25,3945541           0,0001    0         0,3166
27,8521309           0,0003    0         0,707
31,1288986           0,0002    0         0,9025
34,4056664           0,0002    0         0,3206
37,6824341           0,0003    0         0,6264
40,9592018           0,0003    0         0,4199
44,2359695           0,0001    0         0,0939
47,5127411           0,0001    0         0,2235
50,7895088           0,0003    0         0,5231
55,7046585           0,0002    0         0,2526
62,2581978           0,0002    0         0,2644
68,8117371           0,0001    0         0,0692
75,3652725           0,0002    0         0,299
81,918808            0,0002    0         0,3438
88,4723434          0          0        -0,039
95,0258789           0,0003    0         0,5939
101,5794144          0,0003
111,4097214          0,0005
124,5167923          0,0006
137,6238708          0,0006
150,7309418          0,0004
163,8380127          0,0002
176,9450836          0,0004
190,0521545          0,0002
203,1592255          0,0003
222,8198395          0,0005
249,0339813          0,0005
275,2481384          0,0004
301,4622803          0,0007
327,6764221          0,0009
353,890564           0,0008
380,1047058          0,0006
406,3188782          0,0005
445,6400757          0,0007
498,0683594          0,0011
550,4966431          0,0011
602,9249878          0,001
655,3532715          0,0008
707,7815552          0,0005
760,2098389          0,0008
812,6381226          0,001
