FCS Fitting Results

VEff[fl] =          0,398     
z0[µm] =            0,952     
w0[µm] =            0,274     
r1 =                0,0039    +-0,0051
t1[ms] =            0,7441    +-60,7963
D1[µm²/s] =         25,2      +-2061,1
<N> =               256       +-475
<C>[nM] =           1070      +-1982
k=z0/w0 =           3,474     
T =                 0         +-1,3098
tT[ms] =            0,0000    

t[ms]                Ex. Corr. Fit Corr. Resids.
0,000225             0,0029
0,000275             0,0131
0,000325            -0,0138
0,000375             0,0485
0,00045             -0,0045
0,00055              0,0297
0,00065              0,0483
0,00075              0,004
0,00085             -0,0023
0,00095             -0,0147
0,0010499           -0,0336
0,0011499            0,0093
0,0012999            0,035
0,0014999           -0,0021
0,0016999           -0,0035
0,0018999            0,0267
0,0020999            0,0059
0,0022999            0,022
0,0024999           -0,0062
0,0026999           -0,005
0,0029998            0,0085
0,0033998            0,011
0,0037998            0,0211
0,0041998            0,0101
0,0045998            0,0096
0,0049997           -0,0017
0,0053997           -0,0084
0,0057997           -0,006
0,0063997           -0,0017
0,0071996            0,0014
0,0079996            0,0042
0,0087996            0,0061
0,0095995           -0,0057
0,0103995            0,0036    0,0038   -0,051
0,0111994            0,0139    0,0038    1,407
0,0119994            0,008     0,0038    0,5704
0,0131993            0,0016    0,0038   -0,3721
0,0147992           -0,0048    0,0038   -1,8467
0,0163992           -0,0063    0,0038   -1,8562
0,0179991            0,006     0,0038    0,3545
0,019599             0,0109    0,0038    0,9228
0,0211989            0,0032    0,0038   -0,0626
0,0227988            0,0058    0,0038    0,2779
0,0243988            0,003     0,0038   -0,1233
0,0267986            0,0021    0,0038   -0,5165
0,0299985           -0,0001    0,0037   -0,599
0,0331983            0,0026    0,0037   -0,4191
0,0363981            0,0044    0,0037    0,1257
0,039598            -0,0073    0,0037   -2,0959
0,0427978            0,0019    0,0037   -0,287
0,0459977            0,006     0,0037    0,6823
0,0491975            0,0049    0,0036    0,4237
0,0539972           -0,0005    0,0036   -1,55
0,0603969            0,0042    0,0036    0,2467
0,0667966            0,0023    0,0036   -0,3507
0,0731963            0,0026    0,0035   -0,3787
0,0795959            0,003     0,0035   -0,2106
0,0859956            0,0102    0,0035    1,9582
0,0923953            0,0038    0,0035    0,0921
0,098795             0,0033    0,0034   -0,0759
0,1083945           -0,0003    0,0034   -1,7513
0,1211938            0,0022    0,0033   -0,6278
0,1339932            0,0029    0,0033   -0,2909
0,1467925           -0,0017    0,0032   -3,9848
0,1595919            0,0044    0,0032    0,7116
0,1723912            0,0033    0,0031    0,0972
0,1851906            0,0073    0,0031    5,695
0,1979899            0,0048    0,003     0,6802
0,2171889            0,0037    0,003     0,3099
0,2427876            0,0026    0,0029   -0,1564
0,2683863            0,0036    0,0028    0,4822
0,293985             0,0024    0,0028   -0,1676
0,3195837            0,0038    0,0027    0,62
0,3451824            0,0043    0,0026    1,2989
0,3707811            0,0031    0,0026    0,2114
0,3963798            0,0053    0,0025    1,9668
0,4347778            0,0032    0,0024    0,9639
0,4859752            0,003     0,0023    0,4503
0,5371726            0,0025    0,0022    0,3555
0,58837              0,003     0,0021    1,1891
0,6395674            0,0024    0,002     0,4279
0,6907648            0,0018    0,0019   -0,1542
0,7419622            0,0009    0,0019   -1,1635
0,7931596            0,0012    0,0018   -0,6223
0,8699557            0,0018    0,0017    0,092
0,9723504            0,0015    0,0016   -0,1123
1,0747452            0,0015    0,0015   -0,0495
1,17714              0,0013    0,0014   -0,1192
1,2795348            0,0012    0,0013   -0,1169
1,3819295            0,0006    0,0013   -0,7234
1,4843243            0,0004    0,0012   -1,9861
1,5867192            0,001     0,0011   -0,0992
1,7403113            0,0015    0,0011    1,9816
1,9451009            0,0012    0,001     0,4149
2,1498904            0,0005    0,0009   -0,6299
2,3546801            0,0018    0,0008    0,9649
2,5594695           -0,0001    0,0008   -1,5652
2,7642591            0,0012    0,0007    0,5014
2,9690487            0,0011    0,0007    0,6721
3,1738381            0,0001    0,0006   -0,8544
3,4810226            0,0007    0,0006    0,3405
3,8906016            0,0004    0,0005   -0,5187
4,3001809            0,0009    0,0005    0,7753
4,7097602            0,0003    0,0004   -0,3693
5,119339             0,0003    0,0004   -0,172
5,5289183            0,0003    0,0004   -0,1854
5,9384975            0,0003    0,0003   -0,1544
6,3480763            0,0003    0,0003   -0,0377
6,9624453            0,0001    0,0003   -0,5145
7,7816033           0          0,0002   -0,662
8,6007614            0,0004    0,0002    0,4258
9,41992             -0,0002    0,0002   -0,85
10,2390785           0,0002    0,0002   -0,0821
11,0582361           0,0001    0,0002   -0,231
11,8773947           0,0002    0,0002    0,1092
12,6965532           0,0005    0,0001    0,7506
13,9252901           0,0001    0,0001   -0,2477
15,5636072           0,0001    0,0001   -0,2092
17,2019234           0,0002    0,0001    0,428
18,8402405           0,0003    0,0001    0,7712
20,4785557           0,0003    0,0001    0,4827
22,1168728           0,0002    0,0001    0,4055
23,7551899          -0,0002    0,0001   -0,6022
25,3935051          -0,0002    0,0001   -0,4493
27,8509808          -0,0002    0,0001   -0,3773
31,1276131          -0,0002    0        -0,7062
34,4042473          -0,0002    0        -0,6921
37,6808777           0,0003    0         0,7749
40,9575119           0,0002    0         0,2979
44,2341461          0          0        -0,1488
47,5107803           0,0001    0         0,0694
50,7874107           0         0         0,0498
55,7023621           0,0002    0         0,419
62,2556267           0,0003    0         0,6129
68,8088913           0         0         0,0397
75,3621597           0,0001    0         0,0731
81,9154282          -0,0001    0        -0,1214
88,468689           -0,0003    0        -0,6123
95,0219574          -0,0003    0        -0,5285
101,5752258         -0,0005
111,4051208         -0,0005
124,5116577         -0,0005
137,6181793         -0,0005
150,7247162         -0,0008
163,8312531         -0,0007
176,9377747         -0,0005
190,0443115         -0,0004
203,1508484         -0,0003
222,8106384         -0,0002
249,0237122         -0,0007
275,2367859         -0,0012
301,4498291         -0,0016
327,6629028         -0,0019
353,8759766         -0,0021
380,0890198         -0,0016
406,3020935         -0,0019
445,6216736         -0,0021
498,047821          -0,0023
550,473938          -0,0019
602,9000854         -0,0015
655,3261719         -0,0013
707,7523193         -0,0021
760,1784668         -0,0017
812,6046143         -0,0015
