FCS Fitting Results

VEff[fl] =          0,398     
z0[µm] =            0,952     
w0[µm] =            0,274     
r1 =                0,0123    +-0,0398
t1[ms] =            0,8436    +-207,0043
D1[µm²/s] =         22,3      +-5460,1
<N> =               590       +-3024
<C>[nM] =           2460      +-12618
k=z0/w0 =           3,474     
T =                 0,8621    +-0,5489
tT[ms] =            0,00309   +-0,01496

t[ms]                Ex. Corr. Fit Corr. Resids.
0,000225             0,071
0,000275             0,0366
0,000325            -0,0139
0,000375             0,0448
0,00045              0,046
0,00055              0,0387
0,00065              0,0366
0,00075              0,0377
0,00085              0,0053
0,00095             -0,0404
0,00105             -0,0305
0,00115             -0,014
0,0013              -0,001
0,0015               0,0186
0,0017              -0,0062
0,0019              -0,0109
0,0021               0,0134
0,0023              -0,0157
0,0025               0,0029
0,0026999            0,0318
0,0029999           -0,0006
0,0033999           -0,0006
0,0037999            0,0085
0,0041999           -0,0058
0,0045999            0,0021
0,0049999           -0,0005
0,0053999            0,0002
0,0057999           -0,0106
0,0063999            0,0029
0,0071999            0,0034
0,0079998            0,0169
0,0087998            0,0039
0,0095998            0,0089
0,0103998            0,0064    0,002     0,5816
0,0111998           0          0,002    -0,0481
0,0119998            0,0121    0,0019    0,26
0,0131997            0,0059    0,0018    0,2506
0,0147997            0,0063    0,0018    0,2486
0,0163997           -0,0066    0,0017   -1,8439
0,0179996           -0,0015    0,0017   -0,2101
0,0195996           -0,005     0,0017   -0,3045
0,0211996            0,0073    0,0017    0,1958
0,0227995            0,0034    0,0017    0,2717
0,0243995            0,0047    0,0017    0,1888
0,0267995            0,0064    0,0016    0,3199
0,0299994            0,0067    0,0016    0,8612
0,0331993            0,0053    0,0016    0,662
0,0363993            0,0043    0,0016    0,1344
0,0395992            0,002     0,0016    0,0271
0,0427992            0,007     0,0016    0,3537
0,0459991            0,0048    0,0016    0,1124
0,049199            -0,004     0,0016   -0,2637
0,0539989            0,0001    0,0016   -0,2382
0,0603988           -0,0014    0,0016   -0,666
0,0667987            0,0005    0,0016   -0,1676
0,0731986            0,0015    0,0016   -0,0038
0,0795984            0,0061    0,0015    0,7185
0,0859983            0,0068    0,0015    0,1587
0,0923982            0,0014    0,0015   -0,0159
0,098798             0,0044    0,0015    0,4105
0,1083979            0,0021    0,0015    0,3553
0,1211976            0,0018    0,0015    0,1368
0,1339974            0,0029    0,0015    0,1534
0,1467971           -0,002     0,0014   -0,4829
0,1595968           -0,0015    0,0014   -1,8904
0,1723966            0,0029    0,0014    0,2819
0,1851963            0,0017    0,0014    0,0445
0,1979961           -0,0016    0,0014   -0,384
0,2171957           -0,0008    0,0013   -1,0833
0,2427952            0,0017    0,0013    0,0365
0,2683947            0,0012    0,0013   -0,0123
0,2939942            0,0024    0,0012    0,3116
0,3195937           -0,001     0,0012   -0,8455
0,3451932            0,0022    0,0012    0,1864
0,3707927            0,0009    0,0012   -0,0465
0,3963922            0,0053    0,0011    1,8329
0,4347914            0,0033    0,0011    2,2117
0,4859904            0,0005    0,0011   -0,2973
0,5371894            0,0004    0,001    -0,4565
0,5883884            0,0026    0,001     0,8374
0,6395873            0,0013    0,0009    0,0889
0,6907864            0,0016    0,0009    0,6922
0,7419853            0,0008    0,0009   -0,0592
0,7931843            0,0005    0,0008   -0,2994
0,8699828            0,0001    0,0008   -0,6677
0,9723808            0,0012    0,0008    0,1826
1,0747788            0,0009    0,0007    0,0782
1,1771767            0,0005    0,0007   -0,5072
1,2795748            0,0003    0,0006   -0,184
1,3819727           -0,001     0,0006   -0,4414
1,4843707            0,0009    0,0006    0,2297
1,5867686            0,001     0,0005    0,2463
1,7403656            0,0004    0,0005   -0,0312
1,9451616            0,0011    0,0005    0,2709
2,1499574            0,0012    0,0004    0,3091
2,3547535            0,0011    0,0004    0,2985
2,5595493            0,0002    0,0004   -0,2497
2,7643454            0,0005    0,0004    0,1187
2,9691412            0,0004    0,0003    0,1357
3,1739373            0         0,0003   -0,3445
3,4811313            0,0005    0,0003    0,4254
3,8907232            0,0003    0,0003    0,0277
4,3003149            0,0002    0,0002   -0,0085
4,7099071            0,0004    0,0002    0,101
5,1194987            0,0004    0,0002    0,4799
5,5290909            0         0,0002   -0,6482
5,9386826            0,0008    0,0002    0,8359
6,3482747            0,0007    0,0002    0,3054
6,9626622            0,0005    0,0001    0,7189
7,781846             0,0009    0,0001    1,8164
8,6010303            0,0001    0,0001   -0,001
9,4202137            0,0002    0,0001    0,1852
10,239398            0         0,0001   -0,0557
11,0585814           0,0003    0,0001    0,0739
11,8777657           0,0003    0,0001    0,2684
12,696949           -0,0001    0,0001   -0,1036
13,925725            0,0002    0,0001    0,1742
15,5640926           0,0001    0,0001    0,1125
17,2024593           0,0001    0         0,0103
18,8408279          -0,0002    0        -0,2136
20,4791946          0          0        -0,0973
22,1175632          -0,0001    0        -0,2261
23,7559299           0,0002    0         0,2441
25,3942986          -0,0002    0        -0,3286
27,8518505           0         0         0,0311
31,1285858           0,0003    0         0,4121
34,4053192           0         0         0,0013
37,6820564          0          0        -0,09
40,9587898           0,0002    0         0,5323
44,235527            0,0001    0         0,3218
47,5122604           0,0003    0         0,2879
50,7889977           0,0001    0         0,134
55,7040977           0         0        -0,0016
62,2575684           0,0003    0         0,4009
68,8110428           0,0003    0         0,1674
75,3645096           0,0002    0         0,1579
81,917984            0,0002    0         0,1587
88,4714508           0,0001    0         0,0478
95,0249252           0,0002    0         0,1305
101,578392           0,0001
111,4085999          0,0005
124,5155411          0,0008
137,6224823          0,0008
150,7294159          0,0005
163,8363647          0,0005
176,9432983          0,0005
190,0502472          0,0006
203,1571808          0,0006
222,8175964          0,0008
249,0314789          0,001
275,2453613          0,0007
301,4592285          0,0003
327,6731262          0,0001
353,8869934         -0,0003
380,1008911         -0,0003
406,3147583          0,0001
445,6355896         -0,0002
498,0633545         -0,0007
550,4911499         -0,0006
602,9188843         -0,0008
655,3466797         -0,0006
707,7744141         -0,0004
760,2021484         -0,0004
812,6299438         -0,0012
