FCS Fitting Results

VEff[fl] =          0,398     
z0[µm] =            0,952     
w0[µm] =            0,274     
r1 =                0,0014    +-0,0071
t1[ms] =            5,4132    +-11962,6500
D1[µm²/s] =         3,47      +-7663,2
<N> =               714       +-3620
<C>[nM] =           2980      +-15103
k=z0/w0 =           3,474     
T =                 1,000     
tT[ms] =            1,55018   +-1003,83100

t[ms]                Ex. Corr. Fit Corr. Resids.
0,000225             0,0472
0,000275             0,0525
0,000325             0,0137
0,000375            -0,0281
0,00045              0,0035
0,00055              0,0263
0,00065              0,0212
0,00075              0,0437
0,00085              0,0141
0,00095             0
0,00105              0,0033
0,00115              0,0304
0,0013              -0,0051
0,0015              -0,0118
0,0017               0,0105
0,0019              -0,0093
0,0021               0,0139
0,0023               0,0076
0,0025              -0,0237
0,0027               0,013
0,003                0,0018
0,0033999            0,0088
0,0037999            0,0154
0,0041999            0,0097
0,0045999            0,0012
0,0049999           -0,0147
0,0053999            0,0025
0,0057999           -0,0055
0,0063999            0,0157
0,0071999            0,0022
0,0079999           -0,0007
0,0087999           -0,0026
0,0095999           -0,0014
0,0103998            0,0067    0,0014    0,4666
0,0111998           -0,01      0,0014   -1,0131
0,0119998           -0,0088    0,0014   -0,5008
0,0131998            0,0046    0,0014    0,3803
0,0147998            0,0041    0,0014    0,5021
0,0163998            0,008     0,0014    1,0906
0,0179997            0,0063    0,0014    0,511
0,0195997            0,0001    0,0014   -0,3484
0,0211997           -0,0043    0,0014   -0,5219
0,0227997           -0,0019    0,0014   -0,4839
0,0243996           -0,0014    0,0014   -0,2082
0,0267996            0         0,0014   -0,2369
0,0299996           -0,0048    0,0014   -0,8801
0,0331995            0,0065    0,0014    0,9287
0,0363995           -0,003     0,0014   -0,6748
0,0395994           -0,0016    0,0014   -0,3034
0,0427994            0,002     0,0014    0,0647
0,0459993            0,0014    0,0013    0,0145
0,0491993            0,0033    0,0013    0,2212
0,0539992            0,0059    0,0013    2,3054
0,0603991           -0,0001    0,0013   -0,5217
0,066799            -0,0007    0,0013   -0,9838
0,0731989            0,0059    0,0013    1,7135
0,0795988           -0,0008    0,0013   -0,2842
0,0859987            0,0053    0,0013    0,768
0,0923986            0,0051    0,0013    0,8948
0,0987985            0         0,0013   -0,4356
0,1083984           -0,0004    0,0013   -1,1548
0,1211982            0,0042    0,0013    0,7424
0,133998             0,0001    0,0013   -0,413
0,1467978            0,0024    0,0012    0,2977
0,1595977            0,0021    0,0012    0,3256
0,1723975            0,0041    0,0012    0,6093
0,1851973            0,0021    0,0012    0,8592
0,1979971            0,0022    0,0012    0,3083
0,2171968            0,0014    0,0012    0,0619
0,2427964           -0,0009    0,0011   -1,0402
0,268396             0,0014    0,0011    0,1478
0,2939957            0,0007    0,0011   -0,2253
0,3195953            0,0034    0,0011    0,9073
0,3451949           -0,0003    0,0011   -0,5913
0,3707945           -0,0001    0,001    -0,5624
0,3963942            0,0004    0,001    -0,2473
0,4347936           -0,0012    0,001    -2,9608
0,4859928            0,0029    0,0009    1,3565
0,5371921            0,0016    0,0009    0,3641
0,5883914            0,0009    0,0009    0,0272
0,6395906            0,0006    0,0008   -0,1437
0,6907898            0,003     0,0008    1,3005
0,7419891            0,0025    0,0008    0,928
0,7931883            0,0014    0,0007    0,3454
0,8699872            0,001     0,0007    0,2996
0,9723857            0,0002    0,0006   -0,3301
1,0747842            0,0012    0,0006    0,568
1,1771827            0,0022    0,0005    1,091
1,2795812            0,0015    0,0005    1,23
1,3819797            0,0009    0,0005    0,5731
1,4843781           -0,0004    0,0004   -1,3263
1,5867766            0,0017    0,0004    1,0515
1,7403743            0,0005    0,0003    0,226
1,9451714            0,0008    0,0003    0,7045
2,1499684            0,0001    0,0002   -0,305
2,3547654            0,0003    0,0002    0,1099
2,5595622           -0,0002    0,0002   -0,4831
2,7643592           -0,0009    0,0002   -4,0183
2,9691563            0,001     0,0001    0,7449
3,1739533           -0,0001    0,0001   -0,2432
3,4811487            0,0005    0,0001    0,9043
3,8907428           -0,0002    0,0001   -0,5669
4,3003368           0          0        -0,1558
4,7099304            0,0004    0         0,4365
5,1195245            0,0001    0         0,0521
5,5291185            0,0001    0         0,1406
5,9387126           -0,0001    0        -0,172
6,3483067            0,0002    0         0,304
6,9626975            0,0007    0         2,7511
7,7818856            0,0001    0         0,1814
8,6010733            0,0005    0         1,5879
9,4202614            0,0002    0         0,3376
10,2394495          -0,0004    0        -0,5531
11,0586376           0,0005    0         1,0465
11,8778248           0,0001    0         0,1711
12,6970129           0,0004    0         0,6889
13,9257946           0,0004    0         1,0491
15,5641708           0,0003    0         0,7093
17,2025471           0,0002    0         0,4238
18,8409233           0,0003    0         0,7884
20,4792976           0,0004    0         2,0859
22,1176739           0,0001    0         0,2012
23,7560501           0,0001    0         0,2929
25,3944263          -0,0001    0        -0,1461
27,8519897          -0,0002    0        -0,4892
31,1287422           0,0002    0         0,4541
34,4054947          -0,0001    0        -0,1859
37,6822433           0,0001    0         0,1912
40,9589958           0,0001    0         0,156
44,2357483           0,0001    0         0,1491
47,5125008           0,0001    0         0,1403
50,7892532           0,0002    0         0,5514
55,70438             0,0003    0         0,8142
62,257885            0,0001    0         0,3375
68,8113861           0,0001    0         0,1912
75,3648911           0,0002    0         0,5216
81,918396            0,0002    0         0,3923
88,4719009           0,0002    0         0,4012
95,0253983           0,0002    0         0,3486
101,5789032          0,0004
111,4091568          0,0004
124,5161667          0,0004
137,6231689          0,0004
150,7301788          0,0004
163,8371887          0,0008
176,9441986          0,0007
190,0512085          0,0008
203,1582031          0,0008
222,8187256          0,0005
249,0327301          0,0006
275,2467346          0,001
301,4607544          0,0011
327,6747742          0,001
353,8887939          0,0009
380,1028137          0,0011
406,316803           0,0014
445,6378479          0,0018
498,0658569          0,0018
550,4938965          0,0018
602,921936           0,0008
655,3499756          0,0006
707,7779541          0,0004
760,2059937          0,0004
812,6340332          0,0009
