FCS Fitting Results

VEff[fl] =          0,398     
z0[µm] =            0,952     
w0[µm] =            0,274     
r1 =                0,0040    +-0,0249
t1[ms] =            0,5992    +-6769,9510
D1[µm²/s] =         31,3      +-353943,7
<N> =               250       +-1558
<C>[nM] =           1043      +-6500
k=z0/w0 =           3,474     
T =                 1,000     
tT[ms] =            68,84330  +-7220033,00000

t[ms]                Ex. Corr. Fit Corr. Resids.
0,000225            -0,0054    0,004    -0,3531
0,000275            -0,0101    0,004    -0,4438
0,000325             0,0029    0,004    -0,0502
0,000375            -0,0014    0,004    -0,2303
0,00045             -0,0153    0,004    -0,9361
0,00055             -0,0043    0,004    -0,2856
0,00065              0,0152    0,004     0,7428
0,00075              0,0182    0,004     0,8132
0,00085              0,0047    0,004     0,0537
0,0009499           -0,0146    0,004    -2,7525
0,0010499            0,0054    0,004     0,0589
0,0011499            0,0211    0,004     1,8285
0,0012999           -0,0073    0,004    -0,9441
0,0014999            0,012     0,004     0,9205
0,0016999           -0,0019    0,004    -0,4002
0,0018999            0,0048    0,004     0,0871
0,0020999           -0,0042    0,004    -1,0204
0,0022999            0,0093    0,004     0,4367
0,0024999            0,0096    0,004     0,6864
0,0026998            0,0122    0,004     0,7946
0,0029998            0,0028    0,004    -0,1858
0,0033998            0,0095    0,004     0,5057
0,0037998            0,0031    0,004    -0,1126
0,0041998            0,013     0,004     1,3668
0,0045997            0,0048    0,004     0,0995
0,0049997            0,013     0,004     1,427
0,0053997            0,0135    0,004     1,3708
0,0057997            0,0045    0,004     0,0954
0,0063996           -0,0028    0,004    -0,7709
0,0071996            0,0056    0,004     0,2075
0,0079996            0,0028    0,0039   -0,3512
0,0087995           -0,0021    0,0039   -1,5141
0,0095995            0,0058    0,0039    0,3472
0,0103994            0,0135    0,0039    1,8808
0,0111994            0,003     0,0039   -0,1756
0,0119993           -0,0033    0,0039   -2,058
0,0131993           -0,0035    0,0039   -1,507
0,0147992            0,0072    0,0039    0,5675
0,0163991            0,0044    0,0039    0,1779
0,017999            -0,0021    0,0039   -1,228
0,0195989            0,0062    0,0039    0,4762
0,0211988           -0,0001    0,0039   -0,6749
0,0227987            0,0066    0,0038    0,9322
0,0243986            0,0032    0,0038   -0,2001
0,0267985            0,0042    0,0038    0,1339
0,0299983            0,0012    0,0038   -0,7563
0,0331981            0,0027    0,0038   -0,5055
0,036398             0,0038    0,0038    0,0135
0,0395978           -0,0004    0,0037   -1,6891
0,0427976           -0,0019    0,0037   -1,5931
0,0459974            0,0055    0,0037    1,1619
0,0491972            0,0022    0,0037   -0,5521
0,053997             0,0036    0,0037   -0,0442
0,0603966            0,0018    0,0036   -0,9197
0,0667963            0,0023    0,0036   -0,7891
0,0731959            0,0062    0,0035    1,2619
0,0795956            0,005     0,0035    0,7978
0,0859952            0,0042    0,0035    0,3606
0,0923948            0,0034    0,0034    0,0048
0,0987945            0,0034    0,0034   -0,0046
0,1083939            0,0036    0,0034    0,1828
0,1211932            0,0041    0,0033    0,434
0,1339925            0,0024    0,0032   -0,7446
0,1467918            0,0026    0,0032   -0,3497
0,1595911            0,003     0,0031   -0,0383
0,1723904            0,006     0,0031    2,996
0,1851896            0,0011    0,003    -1,6319
0,1979889            0,0033    0,003     0,2165
0,2171879            0,0023    0,0029   -0,3136
0,2427864            0,0031    0,0028    0,5661
0,268385             0,0032    0,0027    0,3437
0,2939835            0,0031    0,0026    0,7738
0,3195821            0,0041    0,0025    1,7291
0,3451807            0,0005    0,0025   -2,9093
0,3707793            0,0028    0,0024    0,2998
0,3963778            0,0031    0,0023    0,9567
0,4347757            0,0026    0,0022    0,6298
0,4859728            0,0022    0,0021    0,1658
0,5371699            0,0024    0,002     0,4976
0,5883671            0,003     0,0019    1,1892
0,6395642            0,0022    0,0018    0,3799
0,6907614            0,0012    0,0018   -0,5993
0,7419585            0,0014    0,0017   -0,3809
0,7931557            0,0002    0,0016   -2,2019
0,8699514            0,0015    0,0015   -0,0113
0,9723456            0,0012    0,0014   -0,5019
1,0747399            0,0009    0,0013   -1,0322
1,1771342            0,0009    0,0012   -0,7285
1,2795285            0,0013    0,0012    0,3265
1,3819227            0,0007    0,0011   -1,003
1,4843169            0,0004    0,001    -1,4844
1,5867113            0,0011    0,001     0,2814
1,7403027            0,001     0,0009    0,2708
1,9450912            0,0004    0,0008   -1,3311
2,1498797            0,0006    0,0007   -0,4643
2,3546684            0,0012    0,0007    1,3777
2,5594568            0,0005    0,0006   -0,5177
2,7642455            0,0003    0,0006   -0,8601
2,969034             0,001     0,0005    1,7056
3,1738224            0,0002    0,0005   -1,2824
3,4810054            0,0012    0,0005    3,0632
3,8905823            0,0006    0,0004    1,339
4,3001595            0,0003    0,0004   -0,0895
4,7097368            0,0004    0,0003    0,0641
5,1193137            0,0002    0,0003   -0,6362
5,5288906            0,0004    0,0003    0,3816
5,938468             0,0002    0,0002   -0,0755
6,3480449            0,0002    0,0002   -0,1004
6,9624104            0,0002    0,0002   -0,1206
7,7815647            0         0,0002   -0,8509
8,6007195            0,0005    0,0002    1,6795
9,4198732            0         0,0001   -0,6176
10,239027           -0,0001    0,0001   -1,2221
11,0581818           0         0,0001   -0,2853
11,8773355          -0,0002    0,0001   -0,8677
12,6964903          0          0,0001   -0,6618
13,9252214          -0,0003    0,0001   -1,6296
15,56353            0          0,0001   -0,4547
17,2018375           0         0,0001   -0,2765
18,840147           -0,0003    0        -1,9241
20,4784546          -0,0003    0        -2,5833
22,1167622          -0,0003    0        -1,3509
23,7550716          -0,0004    0        -1,3953
25,3933792          -0,0003    0        -1,2019
27,8508415          -0,0002    0        -0,626
31,1274586          -0,0001    0        -0,5164
34,4040756          0          0        -0,2975
37,6806908          0          0        -0,12
40,9573097          -0,0002    0        -0,5635
44,2339249           0,0001    0         0,319
47,5105438           0,0003    0         0,9955
50,787159            0,0002    0         0,7528
55,7020836           0,0004    0         0,9861
62,2553177           0,0003    0         0,6714
68,808548            0,0001    0         0,1545
75,3617859           0,0001    0         0,2844
81,9150162           0,0001    0         0,1646
88,4682541          -0,0002    0        -0,4225
95,0214844          -0,0002    0        -0,2844
101,5747223         -0,0002    0        -0,3457
111,4045715         -0,0004    0        -0,8048
124,5110397         -0,0004    0        -0,8445
137,6175079         -0,0003    0        -0,4888
150,7239685         -0,0004    0        -0,5928
163,8304443         -0,0004    0        -0,7716
176,9369049         -0,0004    0        -0,594
190,0433655         -0,0005    0        -0,712
203,1498413         -0,0006    0        -0,8539
222,8095398         -0,0005    0        -0,9073
249,0224762         -0,0006    0        -0,6541
275,2354126         -0,0008    0        -0,8444
301,4483337         -0,0008    0        -0,7235
327,6612854         -0,0008    0        -0,616
353,8742065         -0,0005    0        -0,3828
380,0871582         -0,0006    0        -0,5404
406,3000793         -0,0005    0        -0,3986
445,6194763         -0,0008    0        -0,6054
498,0453491         -0,0005    0        -0,462
550,4711914         -0,0003    0        -0,2265
602,8970947         -0,0004    0        -0,2843
655,322937          -0,0006    0        -0,5906
707,7488403         -0,0005    0        -0,3961
760,1746826         -0,0011    0        -0,8437
812,6005249         -0,0011    0        -0,8332
