 Corr.Time[ms]           Correlation(1->2+2->1)  Weighting(1->2+2->1)    Correlation(1->2)       Weighting(1->2)         Correlation(2->1)       Weighting(2->1)
 2,24990741116926E-0004 -2,54030457280456E-0003  5,49205996917832E+0001 -2,54030457280456E-0003  5,49205996917832E+0001 -2,54030457280456E-0003  5,49205996917832E+0001
 2,74988677119836E-0004  2,37604896316866E-0002  2,72327436041055E+0001  2,37604896316866E-0002  2,72327436041055E+0001  2,37604896316866E-0002  2,72327436041055E+0001
 3,24986642226577E-0004  1,46131637460508E-0002  3,65869183737584E+0001  1,46131637460508E-0002  3,65869183737584E+0001  1,46131637460508E-0002  3,65869183737584E+0001
 3,74984578229487E-0004  1,99600131211085E-0002  4,21097957867503E+0001  1,99600131211085E-0002  4,21097957867503E+0001  1,99600131211085E-0002  4,21097957867503E+0001
 4,49981482233852E-0004  1,35247604602905E-0002  5,11306001785609E+0001  1,35247604602905E-0002  5,11306001785609E+0001  1,35247604602905E-0002  5,11306001785609E+0001
 5,49977354239672E-0004 -5,14393065658772E-0003  4,95120844585471E+0001 -5,14393065658772E-0003  4,95120844585471E+0001 -5,14393065658772E-0003  4,95120844585471E+0001
 6,49973284453154E-0004  1,19216737530553E-0002  5,91944601295696E+0001  1,19216737530553E-0002  5,91944601295696E+0001  1,19216737530553E-0002  5,91944601295696E+0001
 7,49969156458974E-0004  2,12216647809165E-0003  5,36921963409430E+0001  2,12216647809165E-0003  5,36921963409430E+0001  2,12216647809165E-0003  5,36921963409430E+0001
 8,49965028464794E-0004 -3,24997661714400E-0004  4,63427542314489E+0001 -3,24997661714400E-0004  4,63427542314489E+0001 -3,24997661714400E-0004  4,63427542314489E+0001
 9,49960958678275E-0004  1,87296132753879E-0002  4,54528251714439E+0001  1,87296132753879E-0002  4,54528251714439E+0001  1,87296132753879E-0002  4,54528251714439E+0001
 1,04995677247643E-0003  1,95095934867868E-0003  6,06546486793953E+0001  1,95095934867868E-0003  6,06546486793953E+0001  1,95095934867868E-0003  6,06546486793953E+0001
 1,14995276089757E-0003 -2,88604243741926E-0002  6,57712332435107E+0001 -2,88604243741926E-0002  6,57712332435107E+0001 -2,88604243741926E-0002  6,57712332435107E+0001
 1,29994656890630E-0003  1,31885428671351E-0002  7,57870064891977E+0001  1,31885428671351E-0002  7,57870064891977E+0001  1,31885428671351E-0002  7,57870064891977E+0001
 1,49993831291794E-0003  8,30077429053456E-0003  9,56529430110274E+0001  8,30077429053456E-0003  9,56529430110274E+0001  8,30077429053456E-0003  9,56529430110274E+0001
 1,69993005692959E-0003  2,88852413298538E-0002  1,41261536363718E+0002  2,88852413298538E-0002  1,41261536363718E+0002  2,88852413298538E-0002  1,41261536363718E+0002
 1,89992191735655E-0003  1,51463955831969E-0002  8,47579818905952E+0001  1,51463955831969E-0002  8,47579818905952E+0001  1,51463955831969E-0002  8,47579818905952E+0001
 2,09991354495287E-0003  5,32795524155615E-0003  1,26725458960584E+0002  5,32795524155615E-0003  1,26725458960584E+0002  5,32795524155615E-0003  1,26725458960584E+0002
 2,29990552179515E-0003  3,54359609639689E-0003  9,01486465058679E+0001  3,54359609639689E-0003  9,01486465058679E+0001  3,54359609639689E-0003  9,01486465058679E+0001
 2,49989726580679E-0003  7,89668372912132E-0003  1,30398810580086E+0002  7,89668372912132E-0003  1,30398810580086E+0002  7,89668372912132E-0003  1,30398810580086E+0002
 2,69988900981843E-0003  4,27081487784105E-0002  7,18531661708841E+0001  4,27081487784105E-0002  7,18531661708841E+0001  4,27081487784105E-0002  7,18531661708841E+0001
 2,99987662583590E-0003  8,56858498846439E-0003  1,51577180279659E+0002  8,56858498846439E-0003  1,51577180279659E+0002  8,56858498846439E-0003  1,51577180279659E+0002
 3,39986011385918E-0003  1,31954936728031E-0002  2,48709902266337E+0002  1,31954936728031E-0002  2,48709902266337E+0002  1,31954936728031E-0002  2,48709902266337E+0002
 3,79984383471310E-0003 -2,57118829161186E-0003  2,03781247698031E+0002 -2,57118829161186E-0003  2,03781247698031E+0002 -2,57118829161186E-0003  2,03781247698031E+0002
 4,19982708990574E-0003  1,21700010702993E-0003  1,17214398530663E+0002  1,21700010702993E-0003  1,17214398530663E+0002  1,21700010702993E-0003  1,17214398530663E+0002
 4,59981104359031E-0003  7,08796157009853E-0003  1,19998492365250E+0002  7,08796157009853E-0003  1,19998492365250E+0002  7,08796157009853E-0003  1,19998492365250E+0002
 4,99979453161359E-0003 -3,45902952902947E-0003  9,63033322659812E+0001 -3,45902952902947E-0003  9,63033322659812E+0001 -3,45902952902947E-0003  9,63033322659812E+0001
 5,39977801963687E-0003 -3,22671876926171E-0003  1,15678914964344E+0002 -3,22671876926171E-0003  1,15678914964344E+0002 -3,22671876926171E-0003  1,15678914964344E+0002
 5,79976150766015E-0003  1,07856550454429E-0002  1,21101673436706E+0002  1,07856550454429E-0002  1,21101673436706E+0002  1,07856550454429E-0002  1,21101673436706E+0002
 6,39973673969507E-0003  9,54476173479690E-0003  1,04380923382644E+0002  9,54476173479690E-0003  1,04380923382644E+0002  9,54476173479690E-0003  1,04380923382644E+0002
 7,19970371574163E-0003  9,49219450401501E-0004  1,72104422591232E+0002  9,49219450401501E-0004  1,72104422591232E+0002  9,49219450401501E-0004  1,72104422591232E+0002
 7,99967069178820E-0003  7,48859238281313E-0003  1,49647803039186E+0002  7,48859238281313E-0003  1,49647803039186E+0002  7,48859238281313E-0003  1,49647803039186E+0002
 8,79963766783476E-0003  9,20636096345072E-0003  2,18570710998376E+0002  9,20636096345072E-0003  2,18570710998376E+0002  9,20636096345072E-0003  2,18570710998376E+0002
 9,59960557520390E-0003 -1,16089230950065E-0002  1,22725343063553E+0002 -1,16089230950065E-0002  1,22725343063553E+0002 -1,16089230950065E-0002  1,22725343063553E+0002
 1,03995725512504E-0002  4,78235859564411E-0003  1,36285795838445E+0002  4,78235859564411E-0003  1,36285795838445E+0002  4,78235859564411E-0003  1,36285795838445E+0002
 1,11995395272970E-0002  1,47067481415155E-0002  1,02849111002262E+0002  1,47067481415155E-0002  1,02849111002262E+0002  1,47067481415155E-0002  1,02849111002262E+0002
 1,19995065033435E-0002  7,37095705609016E-0003  1,82030634551961E+0002  7,37095705609016E-0003  1,82030634551961E+0002  7,37095705609016E-0003  1,82030634551961E+0002
 1,31994569674134E-0002  3,96809046056474E-0003  2,00824236685744E+0002  3,96809046056474E-0003  2,00824236685744E+0002  3,96809046056474E-0003  2,00824236685744E+0002
 1,47993918508291E-0002  1,51282464127933E-0003  2,03417725818955E+0002  1,51282464127933E-0003  2,03417725818955E+0002  1,51282464127933E-0003  2,03417725818955E+0002
 1,63993258029222E-0002  7,23120350594161E-0003  1,55824541993534E+0002  7,23120350594161E-0003  1,55824541993534E+0002  7,23120350594161E-0003  1,55824541993534E+0002
 1,79992597550154E-0002  5,09136134731174E-0003  2,87698078373733E+0002  5,09136134731174E-0003  2,87698078373733E+0002  5,09136134731174E-0003  2,87698078373733E+0002
 1,95991937071085E-0002  1,05170441508688E-0002  2,14055809283510E+0002  1,05170441508688E-0002  2,14055809283510E+0002  1,05170441508688E-0002  2,14055809283510E+0002
 2,11991276592016E-0002  8,36514002626134E-0003  1,99206196756102E+0002  8,36514002626134E-0003  1,99206196756102E+0002  8,36514002626134E-0003  1,99206196756102E+0002
 2,27990616112947E-0002  6,24375535103111E-0003  2,26483317475673E+0002  6,24375535103111E-0003  2,26483317475673E+0002  6,24375535103111E-0003  2,26483317475673E+0002
 2,43989974260330E-0002  8,80600662053586E-0003  2,55284436782509E+0002  8,80600662053586E-0003  2,55284436782509E+0002  8,80600662053586E-0003  2,55284436782509E+0002
 2,67988983541727E-0002  6,00341499362433E-0003  3,17641689444914E+0002  6,00341499362433E-0003  3,17641689444914E+0002  6,00341499362433E-0003  3,17641689444914E+0002
 2,99987662583590E-0002  8,28500788180229E-0003  2,99444274212242E+0002  8,28500788180229E-0003  2,99444274212242E+0002  8,28500788180229E-0003  2,99444274212242E+0002
 3,31986360251904E-0002  2,88868147754884E-0004  3,75409329925322E+0002  2,88868147754884E-0004  3,75409329925322E+0002  2,88868147754884E-0004  3,75409329925322E+0002
 3,63985039293766E-0002  5,91617665151350E-0003  2,18064602022775E+0002  5,91617665151350E-0003  2,18064602022775E+0002  5,91617665151350E-0003  2,18064602022775E+0002
 3,95983718335628E-0002  6,34931993866586E-0003  2,91838783125786E+0002  6,34931993866586E-0003  2,91838783125786E+0002  6,34931993866586E-0003  2,91838783125786E+0002
 4,27982397377491E-0002  3,70810748774115E-0003  3,43971804435869E+0002  3,70810748774115E-0003  3,43971804435869E+0002  3,70810748774115E-0003  3,43971804435869E+0002
 4,59981076419353E-0002  3,66828089003058E-0003  2,96836684777928E+0002  3,66828089003058E-0003  2,96836684777928E+0002  3,66828089003058E-0003  2,96836684777928E+0002
 4,91979755461216E-0002  9,82817814027059E-0003  4,59591149021457E+0002  9,82817814027059E-0003  4,59591149021457E+0002  9,82817814027059E-0003  4,59591149021457E+0002
 5,39977811276913E-0002  6,69395475985199E-0003  5,81313037058063E+0002  6,69395475985199E-0003  5,81313037058063E+0002  6,69395475985199E-0003  5,81313037058063E+0002
 6,03975169360638E-0002  4,31798827393852E-0003  2,57239808363322E+0002  4,31798827393852E-0003  2,57239808363322E+0002  4,31798827393852E-0003  2,57239808363322E+0002
 6,67972564697266E-0002  6,16154726882979E-0003  3,92928026851557E+0002  6,16154726882979E-0003  3,92928026851557E+0002  6,16154726882979E-0003  3,92928026851557E+0002
 7,31969922780991E-0002  2,81854118105692E-0003  4,11765992984047E+0002  2,81854118105692E-0003  4,11765992984047E+0002  2,81854118105692E-0003  4,11765992984047E+0002
 7,95967280864716E-0002  3,89851208628584E-0003  3,04376310214764E+0002  3,89851208628584E-0003  3,04376310214764E+0002  3,89851208628584E-0003  3,04376310214764E+0002
 8,59964638948441E-0002  4,54541561645850E-0003  7,61053134679723E+0002  4,54541561645850E-0003  7,61053134679723E+0002  4,54541561645850E-0003  7,61053134679723E+0002
 9,23961997032166E-0002  2,47839375047361E-0003  6,01027142469153E+0002  2,47839375047361E-0003  6,01027142469153E+0002  2,47839375047361E-0003  6,01027142469153E+0002
 9,87959355115891E-0002  4,01209807743820E-0003  4,46692932375199E+0002  4,01209807743820E-0003  4,46692932375199E+0002  4,01209807743820E-0003  4,46692932375199E+0002
 1,08395539224147E-0001  3,85586200288910E-0003  6,56294097510787E+0002  3,85586200288910E-0003  6,56294097510787E+0002  3,85586200288910E-0003  6,56294097510787E+0002
 1,21195018291473E-0001  4,96467141901019E-0003  7,46971542302731E+0002  4,96467141901019E-0003  7,46971542302731E+0002  4,96467141901019E-0003  7,46971542302731E+0002
 1,33994489908218E-0001  4,35979475031246E-0003  5,27428078870379E+0002  4,35979475031246E-0003  5,27428078870379E+0002  4,35979475031246E-0003  5,27428078870379E+0002
 1,46793961524963E-0001  4,55147554880566E-0003  4,68543905482339E+0002  4,55147554880566E-0003  4,68543905482339E+0002  4,55147554880566E-0003  4,68543905482339E+0002
 1,59593433141708E-0001  5,74497114573337E-0003  5,97725500540408E+0002  5,74497114573337E-0003  5,97725500540408E+0002  5,74497114573337E-0003  5,97725500540408E+0002
 1,72392904758453E-0001  3,58940203643293E-0003  5,16049708791287E+0002  3,58940203643293E-0003  5,16049708791287E+0002  3,58940203643293E-0003  5,16049708791287E+0002
 1,85192391276360E-0001  5,35108280768714E-0003  6,14179600839528E+0002  5,35108280768714E-0003  6,14179600839528E+0002  5,35108280768714E-0003  6,14179600839528E+0002
 1,97991862893105E-0001  3,83796227491906E-0003  6,65958380864470E+0002  3,83796227491906E-0003  6,65958380864470E+0002  3,83796227491906E-0003  6,65958380864470E+0002
 2,17191070318222E-0001  2,07730654061525E-0003  2,15561484690862E+0003  2,07730654061525E-0003  2,15561484690862E+0003  2,07730654061525E-0003  2,15561484690862E+0003
 2,42790013551712E-0001  3,10590475025696E-0003  7,18117930381899E+0002  3,10590475025696E-0003  7,18117930381899E+0002  3,10590475025696E-0003  7,18117930381899E+0002
 2,68388956785202E-0001  2,42429345506778E-0003  1,15976723888577E+0003  2,42429345506778E-0003  1,15976723888577E+0003  2,42429345506778E-0003  1,15976723888577E+0003
 2,93987900018692E-0001  2,44973436650145E-0003  1,21788538309475E+0003  2,44973436650145E-0003  1,21788538309475E+0003  2,44973436650145E-0003  1,21788538309475E+0003
 3,19586843252182E-0001  3,46450804440854E-0003  7,31692580692918E+0002  3,46450804440854E-0003  7,31692580692918E+0002  3,46450804440854E-0003  7,31692580692918E+0002
 3,45185816287994E-0001  5,34697719269336E-0003  9,45347594558893E+0002  5,34697719269336E-0003  9,45347594558893E+0002  5,34697719269336E-0003  9,45347594558893E+0002
 3,70784759521484E-0001  3,46508559807383E-0003  9,24479448820739E+0002  3,46508559807383E-0003  9,24479448820739E+0002  3,46508559807383E-0003  9,24479448820739E+0002
 3,96383702754974E-0001  4,11499659515115E-0003  1,01363862000762E+0003  4,11499659515115E-0003  1,01363862000762E+0003  4,11499659515115E-0003  1,01363862000762E+0003
 4,34782117605209E-0001  2,59160765612623E-0003  1,63652515999151E+0003  2,59160765612623E-0003  1,63652515999151E+0003  2,59160765612623E-0003  1,63652515999151E+0003
 4,85980004072189E-0001  1,91946912543376E-0003  1,41294168615451E+0003  1,91946912543376E-0003  1,41294168615451E+0003  1,91946912543376E-0003  1,41294168615451E+0003
 5,37177920341492E-0001  1,85489570947981E-0003  9,26865820370430E+0002  1,85489570947981E-0003  9,26865820370430E+0002  1,85489570947981E-0003  9,26865820370430E+0002
 5,88375806808472E-0001  1,61517161778544E-0003  1,97645216407039E+0003  1,61517161778544E-0003  1,97645216407039E+0003  1,61517161778544E-0003  1,97645216407039E+0003
 6,39573693275452E-0001  2,64364493301706E-0003  1,06047703960050E+0003  2,64364493301706E-0003  1,06047703960050E+0003  2,64364493301706E-0003  1,06047703960050E+0003
 6,90771579742432E-0001  1,34183957353633E-0003  1,30674754394352E+0003  1,34183957353633E-0003  1,30674754394352E+0003  1,34183957353633E-0003  1,30674754394352E+0003
 7,41969466209412E-0001  2,49422289612137E-0003  1,10152070188353E+0003  2,49422289612137E-0003  1,10152070188353E+0003  2,49422289612137E-0003  1,10152070188353E+0003
 7,93167352676392E-0001  1,31977799709935E-0003  1,28922041823584E+0003  1,31977799709935E-0003  1,28922041823584E+0003  1,31977799709935E-0003  1,28922041823584E+0003
 8,69964241981506E-0001  1,40473134694778E-0003  2,94096959187087E+0003  1,40473134694778E-0003  2,94096959187087E+0003  1,40473134694778E-0003  2,94096959187087E+0003
 9,72360014915466E-0001  1,69411968735167E-0004  1,34159979068022E+0003  1,69411968735167E-0004  1,34159979068022E+0003  1,69411968735167E-0004  1,34159979068022E+0003
 1,07475578784943E+0000  1,83003270886629E-0003  1,51770045817730E+0003  1,83003270886629E-0003  1,51770045817730E+0003  1,83003270886629E-0003  1,51770045817730E+0003
 1,17715156078339E+0000  1,06349832741909E-0003  1,57681846620966E+0003  1,06349832741909E-0003  1,57681846620966E+0003  1,06349832741909E-0003  1,57681846620966E+0003
 1,27954733371735E+0000  6,11445946105285E-0004  1,59040199167121E+0003  6,11445946105285E-0004  1,59040199167121E+0003  6,11445946105285E-0004  1,59040199167121E+0003
 1,38194322586060E+0000  2,21120950380675E-0003  1,74022014322029E+0003  2,21120950380675E-0003  1,74022014322029E+0003  2,21120950380675E-0003  1,74022014322029E+0003
 1,48433899879456E+0000  1,49936735439517E-0003  1,68702084960798E+0003  1,49936735439517E-0003  1,68702084960798E+0003  1,49936735439517E-0003  1,68702084960798E+0003
 1,58673477172852E+0000  1,12838988188111E-0003  1,83607267799416E+0003  1,12838988188111E-0003  1,83607267799416E+0003  1,12838988188111E-0003  1,83607267799416E+0003
 1,74032843112946E+0000  1,10529947230340E-0003  2,34855702194832E+0003  1,10529947230340E-0003  2,34855702194832E+0003  1,10529947230340E-0003  2,34855702194832E+0003
 1,94511997699738E+0000  4,27817815155931E-0004  2,86464048868184E+0003  4,27817815155931E-0004  2,86464048868184E+0003  4,27817815155931E-0004  2,86464048868184E+0003
 2,14991164207458E+0000  8,42500417432015E-0004  1,72123006597340E+0003  8,42500417432015E-0004  1,72123006597340E+0003  8,42500417432015E-0004  1,72123006597340E+0003
 2,35470318794250E+0000  6,12030925808429E-0004  1,94032806371810E+0003  6,12030925808429E-0004  1,94032806371810E+0003  6,12030925808429E-0004  1,94032806371810E+0003
 2,55949473381042E+0000  4,81340140738074E-0004  4,16139433490941E+0003  4,81340140738074E-0004  4,16139433490941E+0003  4,81340140738074E-0004  4,16139433490941E+0003
 2,76428627967834E+0000  6,66200768861096E-0004  2,89434745012232E+0003  6,66200768861096E-0004  2,89434745012232E+0003  6,66200768861096E-0004  2,89434745012232E+0003
 2,96907782554626E+0000  6,49393519191366E-0004  2,70356536976504E+0003  6,49393519191366E-0004  2,70356536976504E+0003  6,49393519191366E-0004  2,70356536976504E+0003
 3,17386937141418E+0000  2,22897665211937E-0004  2,21775828045449E+0003  2,22897665211937E-0004  2,21775828045449E+0003  2,22897665211937E-0004  2,21775828045449E+0003
 3,48105692863464E+0000  5,12082255805620E-0004  3,61346133529346E+0003  5,12082255805620E-0004  3,61346133529346E+0003  5,12082255805620E-0004  3,61346133529346E+0003
 3,89064002037048E+0000  9,60814092700797E-0004  2,40878790833236E+0003  9,60814092700797E-0004  2,40878790833236E+0003  9,60814092700797E-0004  2,40878790833236E+0003
 4,30022335052490E+0000  4,30434073613892E-0004  8,98865100773083E+0003  4,30434073613892E-0004  8,98865100773083E+0003  4,30434073613892E-0004  8,98865100773083E+0003
 4,70980644226074E+0000  6,73014424311028E-0004  3,17669501095915E+0003  6,73014424311028E-0004  3,17669501095915E+0003  6,73014424311028E-0004  3,17669501095915E+0003
 5,11938953399658E+0000  3,21912889237195E-0004  2,98068506002425E+0003  3,21912889237195E-0004  2,98068506002425E+0003  3,21912889237195E-0004  2,98068506002425E+0003
 5,52897262573242E+0000  2,61169170495973E-0004  4,04473924337478E+0003  2,61169170495973E-0004  4,04473924337478E+0003  2,61169170495973E-0004  4,04473924337478E+0003
 5,93855571746826E+0000 -1,34118422063019E-0004  3,56968548700287E+0003 -1,34118422063019E-0004  3,56968548700287E+0003 -1,34118422063019E-0004  3,56968548700287E+0003
 6,34813880920410E+0000  3,08273664411249E-0004  2,21335158921996E+0003  3,08273664411249E-0004  2,21335158921996E+0003  3,08273664411249E-0004  2,21335158921996E+0003
 6,96251344680786E+0000 -2,32750487574091E-0004  4,15159845584287E+0003 -2,32750487574091E-0004  4,15159845584287E+0003 -2,32750487574091E-0004  4,15159845584287E+0003
 7,78168010711670E+0000  1,22699591990909E-0004  2,96479178851724E+0003  1,22699591990909E-0004  2,96479178851724E+0003  1,22699591990909E-0004  2,96479178851724E+0003
 8,60084629058838E+0000  2,86504584530639E-0004  5,17761377368572E+0003  2,86504584530639E-0004  5,17761377368572E+0003  2,86504584530639E-0004  5,17761377368572E+0003
 9,42001247406006E+0000  3,46306190889608E-0004  3,45851604624075E+0003  3,46306190889608E-0004  3,45851604624075E+0003  3,46306190889608E-0004  3,45851604624075E+0003
 1,02391786575317E+0001  1,31611665598354E-0004  3,15630180414177E+0003  1,31611665598354E-0004  3,15630180414177E+0003  1,31611665598354E-0004  3,15630180414177E+0003
 1,10583448410034E+0001  3,45829445254549E-0004  3,96655786033831E+0003  3,45829445254549E-0004  3,96655786033831E+0003  3,45829445254549E-0004  3,96655786033831E+0003
 1,18775119781494E+0001 -1,71256237530840E-0004  3,78116793489786E+0003 -1,71256237530840E-0004  3,78116793489786E+0003 -1,71256237530840E-0004  3,78116793489786E+0003
 1,26966781616210E+0001 -1,85115203702563E-0004  4,19191967760773E+0003 -1,85115203702563E-0004  4,19191967760773E+0003 -1,85115203702563E-0004  4,19191967760773E+0003
 1,39254274368286E+0001  2,66403624585146E-0004  4,57040881995188E+0003  2,66403624585146E-0004  4,57040881995188E+0003  2,66403624585146E-0004  4,57040881995188E+0003
 1,55637598037719E+0001  6,05134919700027E-0005  5,39053493661650E+0003  6,05134919700027E-0005  5,39053493661650E+0003  6,05134919700027E-0005  5,39053493661650E+0003
 1,72020931243896E+0001 -1,45817237418439E-0005  5,62812129177768E+0003 -1,45817237418439E-0005  5,62812129177768E+0003 -1,45817237418439E-0005  5,62812129177768E+0003
 1,88404254913330E+0001  2,08075396080916E-0006  3,67858614203778E+0003  2,08075396080916E-0006  3,67858614203778E+0003  2,08075396080916E-0006  3,67858614203778E+0003
 2,04787578582764E+0001 -1,02262025789938E-0004  2,83657115998944E+0003 -1,02262025789938E-0004  2,83657115998944E+0003 -1,02262025789938E-0004  2,83657115998944E+0003
 2,21170902252197E+0001 -9,21913538672910E-0005  5,20073836096022E+0003 -9,21913538672910E-0005  5,20073836096022E+0003 -9,21913538672910E-0005  5,20073836096022E+0003
 2,37554225921631E+0001 -7,93588676559174E-0005  3,61792331287109E+0003 -7,93588676559174E-0005  3,61792331287109E+0003 -7,93588676559174E-0005  3,61792331287109E+0003
 2,53937549591064E+0001 -1,86676411217258E-0004  2,23648982203304E+0003 -1,86676411217258E-0004  2,23648982203304E+0003 -1,86676411217258E-0004  2,23648982203304E+0003
 2,78512554168701E+0001 -2,06685211464336E-0006  3,65262408768865E+0003 -2,06685211464336E-0006  3,65262408768865E+0003 -2,06685211464336E-0006  3,65262408768865E+0003
 3,11279201507568E+0001  3,58183618661833E-0009  3,20764596821026E+0003  3,58183618661833E-0009  3,20764596821026E+0003  3,58183618661833E-0009  3,20764596821026E+0003
 3,44045867919922E+0001 -1,08775574448239E-0004  3,24839390094749E+0003 -1,08775574448239E-0004  3,24839390094749E+0003 -1,08775574448239E-0004  3,24839390094749E+0003
 3,76812515258789E+0001 -4,68041260243300E-0005  3,91682566352043E+0003 -4,68041260243300E-0005  3,91682566352043E+0003 -4,68041260243300E-0005  3,91682566352043E+0003
 4,09579162597656E+0001 -3,78447536308373E-0004  2,27300695583956E+0003 -3,78447536308373E-0004  2,27300695583956E+0003 -3,78447536308373E-0004  2,27300695583956E+0003
 4,42345809936523E+0001 -9,83985953493192E-0005  2,76382951075523E+0003 -9,83985953493192E-0005  2,76382951075523E+0003 -9,83985953493192E-0005  2,76382951075523E+0003
 4,75112457275391E+0001 -3,94947066997888E-0004  2,42822521598106E+0003 -3,94947066997888E-0004  2,42822521598106E+0003 -3,94947066997888E-0004  2,42822521598106E+0003
 5,07879104614258E+0001 -4,36167203640923E-0004  2,74155716063680E+0003 -4,36167203640923E-0004  2,74155716063680E+0003 -4,36167203640923E-0004  2,74155716063680E+0003
 5,57029075622559E+0001 -2,30227565142276E-0004  3,04346643433736E+0003 -2,30227565142276E-0004  3,04346643433736E+0003 -2,30227565142276E-0004  3,04346643433736E+0003
 6,22562408447266E+0001 -3,99034129823078E-0004  2,30833782684335E+0003 -3,99034129823078E-0004  2,30833782684335E+0003 -3,99034129823078E-0004  2,30833782684335E+0003
 6,88095703125000E+0001 -2,79434672744216E-0004  2,84909615700148E+0003 -2,79434672744216E-0004  2,84909615700148E+0003 -2,79434672744216E-0004  2,84909615700148E+0003
 7,53628997802734E+0001 -3,48276265076601E-0004  2,30481115730801E+0003 -3,48276265076601E-0004  2,30481115730801E+0003 -3,48276265076601E-0004  2,30481115730801E+0003
 8,19162292480469E+0001  3,70883839794521E-0005  2,17058299606599E+0003  3,70883839794521E-0005  2,17058299606599E+0003  3,70883839794521E-0005  2,17058299606599E+0003
 8,84695587158203E+0001  1,34305009326425E-0005  2,19272776993149E+0003  1,34305009326425E-0005  2,19272776993149E+0003  1,34305009326425E-0005  2,19272776993149E+0003
 9,50228958129883E+0001 -2,13135533550727E-0004  1,72097140190142E+0003 -2,13135533550727E-0004  1,72097140190142E+0003 -2,13135533550727E-0004  1,72097140190142E+0003
 1,01576225280761E+0002 -2,66851732745205E-0006  1,61252609019344E+0003 -2,66851732745205E-0006  1,61252609019344E+0003 -2,66851732745205E-0006  1,61252609019344E+0003
 1,11406219482421E+0002 -9,70639095165033E-0005  1,96114641992694E+0003 -9,70639095165033E-0005  1,96114641992694E+0003 -9,70639095165033E-0005  1,96114641992694E+0003
 1,24512878417968E+0002 -1,57190353968450E-0004  1,60057159980576E+0003 -1,57190353968450E-0004  1,60057159980576E+0003 -1,57190353968450E-0004  1,60057159980576E+0003
 1,37619537353516E+0002 -3,47734552496261E-0004  1,45731805230204E+0003 -3,47734552496261E-0004  1,45731805230204E+0003 -3,47734552496261E-0004  1,45731805230204E+0003
 1,50726196289062E+0002 -2,79847457846371E-0004  1,31686747020143E+0003 -2,79847457846371E-0004  1,31686747020143E+0003 -2,79847457846371E-0004  1,31686747020143E+0003
 1,63832855224609E+0002 -1,99735824863174E-0004  1,39076120924837E+0003 -1,99735824863174E-0004  1,39076120924837E+0003 -1,99735824863174E-0004  1,39076120924837E+0003
 1,76939529418945E+0002 -3,45908129273072E-0004  1,40918147750727E+0003 -3,45908129273072E-0004  1,40918147750727E+0003 -3,45908129273072E-0004  1,40918147750727E+0003
 1,90046188354492E+0002 -7,12792360899101E-0005  1,52262397393125E+0003 -7,12792360899101E-0005  1,52262397393125E+0003 -7,12792360899101E-0005  1,52262397393125E+0003
 2,03152847290039E+0002 -1,03261110864824E-0004  1,33885023904129E+0003 -1,03261110864824E-0004  1,33885023904129E+0003 -1,03261110864824E-0004  1,33885023904129E+0003
 2,22812835693359E+0002 -5,16162365080970E-0004  1,17513644604139E+0003 -5,16162365080970E-0004  1,17513644604139E+0003 -5,16162365080970E-0004  1,17513644604139E+0003
 2,49026153564453E+0002 -3,46397371401027E-0004  1,08103168730799E+0003 -3,46397371401027E-0004  1,08103168730799E+0003 -3,46397371401027E-0004  1,08103168730799E+0003
 2,75239471435547E+0002 -4,52965415399311E-0004  9,35234434817499E+0002 -4,52965415399311E-0004  9,35234434817499E+0002 -4,52965415399311E-0004  9,35234434817499E+0002
 3,01452789306641E+0002 -4,08165915287858E-0004  9,03164597780642E+0002 -4,08165915287858E-0004  9,03164597780642E+0002 -4,08165915287858E-0004  9,03164597780642E+0002
 3,27666137695313E+0002 -5,80186905620390E-0004  6,91525969127155E+0002 -5,80186905620390E-0004  6,91525969127155E+0002 -5,80186905620390E-0004  6,91525969127155E+0002
 3,53879455566406E+0002 -2,62224746091961E-0005  6,42796002532344E+0002 -2,62224746091961E-0005  6,42796002532344E+0002 -2,62224746091961E-0005  6,42796002532344E+0002
 3,80092773437500E+0002  2,68453379581624E-0005  5,80563627877666E+0002  2,68453379581624E-0005  5,80563627877666E+0002  2,68453379581624E-0005  5,80563627877666E+0002
 4,06306091308594E+0002  5,88193516228069E-0005  6,21139041702071E+0002  5,88193516228069E-0005  6,21139041702071E+0002  5,88193516228069E-0005  6,21139041702071E+0002
 4,45626068115234E+0002 -4,21118637767319E-0005  7,43584256983808E+0002 -4,21118637767319E-0005  7,43584256983808E+0002 -4,21118637767319E-0005  7,43584256983808E+0002
 4,98052703857422E+0002 -2,31146492536552E-0004  7,86608890952759E+0002 -2,31146492536552E-0004  7,86608890952759E+0002 -2,31146492536552E-0004  7,86608890952759E+0002
 5,50479370117187E+0002 -6,15232995298779E-0005  7,58257590119046E+0002 -6,15232995298779E-0005  7,58257590119046E+0002 -6,15232995298779E-0005  7,58257590119046E+0002
 6,02906005859375E+0002 -7,93107297124123E-0005  9,11687719377705E+0002 -7,93107297124123E-0005  9,11687719377705E+0002 -7,93107297124123E-0005  9,11687719377705E+0002
 6,55332641601562E+0002 -4,07569601333063E-0004  7,01600374252838E+0002 -4,07569601333063E-0004  7,01600374252838E+0002 -4,07569601333063E-0004  7,01600374252838E+0002
 7,07759277343750E+0002 -1,68823365748596E-0004  5,77315319190839E+0002 -1,68823365748596E-0004  5,77315319190839E+0002 -1,68823365748596E-0004  5,77315319190839E+0002
 7,60185913085938E+0002  2,93248923417383E-0005  5,04615993960277E+0002  2,93248923417383E-0005  5,04615993960277E+0002  2,93248923417383E-0005  5,04615993960277E+0002
 8,12612609863281E+0002  4,22064896101735E-0004  5,55432903407900E+0002  4,22064896101735E-0004  5,55432903407900E+0002  4,22064896101735E-0004  5,55432903407900E+0002
