 Corr.Time[ms]           Correlation(1->2+2->1)  Weighting(1->2+2->1)    Correlation(1->2)       Weighting(1->2)         Correlation(2->1)       Weighting(2->1)
 2,24997842451558E-0004  3,68829541360597E-0002  4,42738064520607E+0001  3,68829541360597E-0002  4,42738064520607E+0001  3,68829541360597E-0002  4,42738064520607E+0001
 2,74997350061312E-0004  3,43610718927278E-0002  3,31153460303080E+0001  3,43610718927278E-0002  3,31153460303080E+0001  3,43610718927278E-0002  3,31153460303080E+0001
 3,24996886774898E-0004  2,47867034845364E-0002  3,86377486455185E+0001  2,47867034845364E-0002  3,86377486455185E+0001  2,47867034845364E-0002  3,86377486455185E+0001
 3,74996394384652E-0004  1,84964569036650E-0002  6,06674667638443E+0001  1,84964569036650E-0002  6,06674667638443E+0001  1,84964569036650E-0002  6,06674667638443E+0001
 4,49995684903115E-0004  1,79219023354543E-0002  7,65496487735289E+0001  1,79219023354543E-0002  7,65496487735289E+0001  1,79219023354543E-0002  7,65496487735289E+0001
 5,49994700122625E-0004  2,70025920332875E-0002  5,32444081881691E+0001  2,70025920332875E-0002  5,32444081881691E+0001  2,70025920332875E-0002  5,32444081881691E+0001
 6,49993773549795E-0004 -1,21003274977133E-0002  8,97306737349868E+0001 -1,21003274977133E-0002  8,97306737349868E+0001 -1,21003274977133E-0002  8,97306737349868E+0001
 7,49992788769305E-0004  1,16277666894452E-0002  4,88523260994316E+0001  1,16277666894452E-0002  4,88523260994316E+0001  1,16277666894452E-0002  4,88523260994316E+0001
 8,49991803988814E-0004  6,80387949581582E-0003  6,30183845104210E+0001  6,80387949581582E-0003  6,30183845104210E+0001  6,80387949581582E-0003  6,30183845104210E+0001
 9,49990877415985E-0004  2,85353020689267E-0002  5,99808725688904E+0001  2,85353020689267E-0002  5,99808725688904E+0001  2,85353020689267E-0002  5,99808725688904E+0001
 1,04998995084315E-0003  5,09740872705193E-0003  5,69825120446273E+0001  5,09740872705193E-0003  5,69825120446273E+0001  5,09740872705193E-0003  5,69825120446273E+0001
 1,14998896606266E-0003  3,57569467582278E-0002  4,25408019094529E+0001  3,57569467582278E-0002  4,25408019094529E+0001  3,57569467582278E-0002  4,25408019094529E+0001
 1,29998754709959E-0003  4,80277153881202E-0003  1,00839050180308E+0002  4,80277153881202E-0003  1,00839050180308E+0002  4,80277153881202E-0003  1,00839050180308E+0002
 1,49998557753860E-0003  8,73123370383325E-0004  7,12153159433235E+0001  8,73123370383325E-0004  7,12153159433235E+0001  8,73123370383325E-0004  7,12153159433235E+0001
 1,69998360797763E-0003  4,43619395048678E-0003  1,05367847848560E+0002  4,43619395048678E-0003  1,05367847848560E+0002  4,43619395048678E-0003  1,05367847848560E+0002
 1,89998175483197E-0003  6,84204473269457E-0003  8,47273519922138E+0001  6,84204473269457E-0003  8,47273519922138E+0001  6,84204473269457E-0003  8,47273519922138E+0001
 2,09997990168631E-0003  5,94680392486659E-0003  4,43788023708417E+0001  5,94680392486659E-0003  4,43788023708417E+0001  5,94680392486659E-0003  4,43788023708417E+0001
 2,29997793212533E-0003  6,34476326046748E-0003  1,82125747221363E+0002  6,34476326046748E-0003  1,82125747221363E+0002  6,34476326046748E-0003  1,82125747221363E+0002
 2,49997596256435E-0003 -1,22976301952854E-0002  1,33055420775096E+0002 -1,22976301952854E-0002  1,33055420775096E+0002 -1,22976301952854E-0002  1,33055420775096E+0002
 2,69997399300337E-0003 -1,00597810938246E-0002  1,17636746835495E+0002 -1,00597810938246E-0002  1,17636746835495E+0002 -1,00597810938246E-0002  1,17636746835495E+0002
 2,99997115507722E-0003 -4,25809209895556E-0003  1,03131325832150E+0002 -4,25809209895556E-0003  1,03131325832150E+0002 -4,25809209895556E-0003  1,03131325832150E+0002
 3,39996721595526E-0003  6,10815691503839E-0003  1,22306605585518E+0002  6,10815691503839E-0003  1,22306605585518E+0002  6,10815691503839E-0003  1,22306605585518E+0002
 3,79996350966394E-0003  6,81880653360153E-0003  1,29714963891062E+0002  6,81880653360153E-0003  1,29714963891062E+0002  6,81880653360153E-0003  1,29714963891062E+0002
 4,19995980337262E-0003  4,81457267234276E-0003  1,15242243571224E+0002  4,81457267234276E-0003  1,15242243571224E+0002  4,81457267234276E-0003  1,15242243571224E+0002
 4,59995586425066E-0003 -4,00324678250954E-0003  1,50335285929011E+0002 -4,00324678250954E-0003  1,50335285929011E+0002 -4,00324678250954E-0003  1,50335285929011E+0002
 4,99995192512870E-0003  5,42381078296543E-0003  7,90227695162626E+0001  5,42381078296543E-0003  7,90227695162626E+0001  5,42381078296543E-0003  7,90227695162626E+0001
 5,39994798600674E-0003 -1,21209547618016E-0003  1,99141585299829E+0002 -1,21209547618016E-0003  1,99141585299829E+0002 -1,21209547618016E-0003  1,99141585299829E+0002
 5,79994404688478E-0003 -1,15673367042357E-0002  6,17205228202452E+0001 -1,15673367042357E-0002  6,17205228202452E+0001 -1,15673367042357E-0002  6,17205228202452E+0001
 6,39993837103248E-0003 -3,01339190416273E-0003  1,15389699659131E+0002 -3,01339190416273E-0003  1,15389699659131E+0002 -3,01339190416273E-0003  1,15389699659131E+0002
 7,19993095844984E-0003  1,14163976677334E-0002  1,87544028493117E+0002  1,14163976677334E-0002  1,87544028493117E+0002  1,14163976677334E-0002  1,87544028493117E+0002
 7,99992308020592E-0003 -1,58455244049573E-0003  1,60430812880063E+0002 -1,58455244049573E-0003  1,60430812880063E+0002 -1,58455244049573E-0003  1,60430812880063E+0002
 8,79991520196199E-0003 -7,21959070593543E-0003  2,34568546465292E+0002 -7,21959070593543E-0003  2,34568546465292E+0002 -7,21959070593543E-0003  2,34568546465292E+0002
 9,59990732371807E-0003  2,77427829795446E-0003  1,42913860459477E+0002  2,77427829795446E-0003  1,42913860459477E+0002  2,77427829795446E-0003  1,42913860459477E+0002
 1,03999003767967E-0002  3,42175764496237E-0003  2,32086215918635E+0002  3,42175764496237E-0003  2,32086215918635E+0002  3,42175764496237E-0003  2,32086215918635E+0002
 1,11998924985528E-0002  4,62397008179094E-0003  1,23982991812817E+0002  4,62397008179094E-0003  1,23982991812817E+0002  4,62397008179094E-0003  1,23982991812817E+0002
 1,19998846203088E-0002 -3,66553346476382E-0003  1,74243013818924E+0002 -3,66553346476382E-0003  1,74243013818924E+0002 -3,66553346476382E-0003  1,74243013818924E+0002
 1,31998732686042E-0002 -2,23390752039864E-0003  1,16185744047076E+0002 -2,23390752039864E-0003  1,16185744047076E+0002 -2,23390752039864E-0003  1,16185744047076E+0002
 1,47998575121164E-0002  9,31361868466290E-0003  1,68263623960151E+0002  9,31361868466290E-0003  1,68263623960151E+0002  9,31361868466290E-0003  1,68263623960151E+0002
 1,63998417556286E-0002 -3,22313771550405E-0003  1,62507917073982E+0002 -3,22313771550405E-0003  1,62507917073982E+0002 -3,22313771550405E-0003  1,62507917073982E+0002
 1,79998278617859E-0002  3,85992593392652E-0003  1,85993576034127E+0002  3,85992593392652E-0003  1,85993576034127E+0002  3,85992593392652E-0003  1,85993576034127E+0002
 1,95998121052980E-0002  1,85072069589431E-0003  2,15720493987358E+0002  1,85072069589431E-0003  2,15720493987358E+0002  1,85072069589431E-0003  2,15720493987358E+0002
 2,11997963488102E-0002 -3,94691758089285E-0003  1,23461502659827E+0002 -3,94691758089285E-0003  1,23461502659827E+0002 -3,94691758089285E-0003  1,23461502659827E+0002
 2,27997805923223E-0002  2,33758151182347E-0003  1,40920176681893E+0002  2,33758151182347E-0003  1,40920176681893E+0002  2,33758151182347E-0003  1,40920176681893E+0002
 2,43997648358345E-0002  3,20639323707763E-0003  2,11254488539966E+0002  3,20639323707763E-0003  2,11254488539966E+0002  3,20639323707763E-0003  2,11254488539966E+0002
 2,67997421324253E-0002 -1,42653707328232E-0003  5,67233110963321E+0002 -1,42653707328232E-0003  5,67233110963321E+0002 -1,42653707328232E-0003  5,67233110963321E+0002
 2,99997124820948E-0002  2,02004217718076E-0003  3,96056437508573E+0002  2,02004217718076E-0003  3,96056437508573E+0002  2,02004217718076E-0003  3,96056437508573E+0002
 3,31996791064739E-0002  2,86955701601050E-0003  3,60572416708242E+0002  2,86955701601050E-0003  3,60572416708242E+0002  2,86955701601050E-0003  3,60572416708242E+0002
 3,63996513187885E-0002  3,80367069771539E-0003  3,34330915991206E+0002  3,80367069771539E-0003  3,34330915991206E+0002  3,80367069771539E-0003  3,34330915991206E+0002
 3,95996198058128E-0002 -2,34023661112796E-0003  4,80179834846789E+0002 -2,34023661112796E-0003  4,80179834846789E+0002 -2,34023661112796E-0003  4,80179834846789E+0002
 4,27995882928371E-0002  4,51280813901797E-0003  2,56817441961814E+0002  4,51280813901797E-0003  2,56817441961814E+0002  4,51280813901797E-0003  2,56817441961814E+0002
 4,59995567798615E-0002  4,79709667941353E-0004  4,84436029550729E+0002  4,79709667941353E-0004  4,84436029550729E+0002  4,79709667941353E-0004  4,84436029550729E+0002
 4,91995252668858E-0002 -6,41438038007816E-0004  4,83311202538925E+0002 -6,41438038007816E-0004  4,83311202538925E+0002 -6,41438038007816E-0004  4,83311202538925E+0002
 5,39994798600674E-0002 -7,13278234413902E-0004  3,14573354644734E+0002 -7,13278234413902E-0004  3,14573354644734E+0002 -7,13278234413902E-0004  3,14573354644734E+0002
 6,03994205594063E-0002  7,53404349282264E-0004  4,08131495710203E+0002  7,53404349282264E-0004  4,08131495710203E+0002  7,53404349282264E-0004  4,08131495710203E+0002
 6,67993575334549E-0002  7,15177331600775E-0004  3,09164516825708E+0002  7,15177331600775E-0004  3,09164516825708E+0002  7,15177331600775E-0004  3,09164516825708E+0002
 7,31992945075035E-0002  2,34938506285002E-0003  5,33992568870408E+0002  2,34938506285002E-0003  5,33992568870408E+0002  2,34938506285002E-0003  5,33992568870408E+0002
 7,95992314815521E-0002  3,54397610446502E-0003  2,32687020169782E+0002  3,54397610446502E-0003  2,32687020169782E+0002  3,54397610446502E-0003  2,32687020169782E+0002
 8,59991759061813E-0002  2,30734279956004E-0003  5,77117186465499E+0002  2,30734279956004E-0003  5,77117186465499E+0002  2,30734279956004E-0003  5,77117186465499E+0002
 9,23991128802300E-0002  6,06530330915174E-0004  6,70958009600793E+0002  6,06530330915174E-0004  6,70958009600793E+0002  6,06530330915174E-0004  6,70958009600793E+0002
 9,87990498542786E-0002  1,22041298514912E-0003  3,16211885928540E+0002  1,22041298514912E-0003  3,16211885928540E+0002  1,22041298514912E-0003  3,16211885928540E+0002
 1,08398959040641E-0001  1,36985426465697E-0003  1,52004410217966E+0003  1,36985426465697E-0003  1,52004410217966E+0003  1,36985426465697E-0003  1,52004410217966E+0003
 1,21198832988739E-0001  1,40427237339189E-0003  6,34162448916003E+0002  1,40427237339189E-0003  6,34162448916003E+0002  1,40427237339189E-0003  6,34162448916003E+0002
 1,33998706936836E-0001  4,82330958957794E-0004  7,74827380638207E+0002  4,82330958957794E-0004  7,74827380638207E+0002  4,82330958957794E-0004  7,74827380638207E+0002
 1,46798595786095E-0001  1,31309460237444E-0003  6,69190722796417E+0002  1,31309460237444E-0003  6,69190722796417E+0002  1,31309460237444E-0003  6,69190722796417E+0002
 1,59598469734192E-0001 -1,97343212147415E-0004  8,49741292850344E+0002 -1,97343212147415E-0004  8,49741292850344E+0002 -1,97343212147415E-0004  8,49741292850344E+0002
 1,72398343682289E-0001 -1,57729746237846E-0003  8,03973553269823E+0002 -1,57729746237846E-0003  8,03973553269823E+0002 -1,57729746237846E-0003  8,03973553269823E+0002
 1,85198217630386E-0001  2,17036036334220E-0003  8,38912516091430E+0002  2,17036036334220E-0003  8,38912516091430E+0002  2,17036036334220E-0003  8,38912516091430E+0002
 1,97998091578484E-0001 -7,61743214644049E-0004  4,72530956498096E+0002 -7,61743214644049E-0004  4,72530956498096E+0002 -7,61743214644049E-0004  4,72530956498096E+0002
 2,17197909951210E-0001  1,01312132866865E-0003  8,71821377305576E+0002  1,01312132866865E-0003  8,71821377305576E+0002  1,01312132866865E-0003  8,71821377305576E+0002
 2,42797672748566E-0001  1,67765942341671E-0004  1,27396131522818E+0003  1,67765942341671E-0004  1,27396131522818E+0003  1,67765942341671E-0004  1,27396131522818E+0003
 2,68397420644760E-0001  2,35766497028508E-0003  1,00095630347665E+0003  2,35766497028508E-0003  1,00095630347665E+0003  2,35766497028508E-0003  1,00095630347665E+0003
 2,93997168540955E-0001  9,85215984361343E-0004  9,00344408414718E+0002  9,85215984361343E-0004  9,00344408414718E+0002  9,85215984361343E-0004  9,00344408414718E+0002
 3,19596916437149E-0001  7,85579881946543E-0004  1,12111308862992E+0003  7,85579881946543E-0004  1,12111308862992E+0003  7,85579881946543E-0004  1,12111308862992E+0003
 3,45196694135666E-0001  8,29643508793474E-0004  6,26424207895211E+0002  8,29643508793474E-0004  6,26424207895211E+0002  8,29643508793474E-0004  6,26424207895211E+0002
 3,70796442031860E-0001  7,15696157965711E-0004  1,51889882497185E+0003  7,15696157965711E-0004  1,51889882497185E+0003  7,15696157965711E-0004  1,51889882497185E+0003
 3,96396189928055E-0001  1,52231913294028E-0003  6,05498812296202E+0002  1,52231913294028E-0003  6,05498812296202E+0002  1,52231913294028E-0003  6,05498812296202E+0002
 4,34795826673508E-0001  4,23150935561778E-0004  1,31535091523864E+0003  4,23150935561778E-0004  1,31535091523864E+0003  4,23150935561778E-0004  1,31535091523864E+0003
 4,85995322465897E-0001 -2,62037800049021E-0005  1,90130976508747E+0003 -2,62037800049021E-0005  1,90130976508747E+0003 -2,62037800049021E-0005  1,90130976508747E+0003
 5,37194848060608E-0001  5,53952284686323E-0004  1,80736349022593E+0003  5,53952284686323E-0004  1,80736349022593E+0003  5,53952284686323E-0004  1,80736349022593E+0003
 5,88394343852997E-0001  2,97596912833661E-0004  1,14506980146538E+0003  2,97596912833661E-0004  1,14506980146538E+0003  2,97596912833661E-0004  1,14506980146538E+0003
 6,39593839645386E-0001 -3,76462113691516E-0004  1,91201312981419E+0003 -3,76462113691516E-0004  1,91201312981419E+0003 -3,76462113691516E-0004  1,91201312981419E+0003
 6,90793335437775E-0001  5,77083021364744E-0005  2,15331849440310E+0003  5,77083021364744E-0005  2,15331849440310E+0003  5,77083021364744E-0005  2,15331849440310E+0003
 7,41992890834808E-0001  6,59218025045835E-0004  1,20315149076375E+0003  6,59218025045835E-0004  1,20315149076375E+0003  6,59218025045835E-0004  1,20315149076375E+0003
 7,93192386627197E-0001  7,71251394544825E-0004  1,40305339346948E+0003  7,71251394544825E-0004  1,40305339346948E+0003  7,71251394544825E-0004  1,40305339346948E+0003
 8,69991660118103E-0001  1,19724420352010E-0003  1,19340076435935E+0003  1,19724420352010E-0003  1,19340076435935E+0003  1,19724420352010E-0003  1,19340076435935E+0003
 9,72390651702881E-0001  1,87202478037981E-0004  2,00171834436332E+0003  1,87202478037981E-0004  2,00171834436332E+0003  1,87202478037981E-0004  2,00171834436332E+0003
 1,07478964328766E+0000  8,53792655070043E-0004  1,66759571554369E+0003  8,53792655070043E-0004  1,66759571554369E+0003  8,53792655070043E-0004  1,66759571554369E+0003
 1,17718863487244E+0000 -2,56334163385410E-0005  1,67104553609316E+0003 -2,56334163385410E-0005  1,67104553609316E+0003 -2,56334163385410E-0005  1,67104553609316E+0003
 1,27958774566650E+0000  5,79173132018447E-0004  1,31479968849961E+0003  5,79173132018447E-0004  1,31479968849961E+0003  5,79173132018447E-0004  1,31479968849961E+0003
 1,38198673725128E+0000 -6,73581939741667E-0004  2,73093470962304E+0003 -6,73581939741667E-0004  2,73093470962304E+0003 -6,73581939741667E-0004  2,73093470962304E+0003
 1,48438572883606E+0000  1,19001635631375E-0003  1,31327147807188E+0003  1,19001635631375E-0003  1,31327147807188E+0003  1,19001635631375E-0003  1,31327147807188E+0003
 1,58678472042084E+0000  2,32619244608694E-0004  1,04577185803000E+0003  2,32619244608694E-0004  1,04577185803000E+0003  2,32619244608694E-0004  1,04577185803000E+0003
 1,74038326740265E+0000  9,58999732758097E-0004  2,02870324775656E+0003  9,58999732758097E-0004  2,02870324775656E+0003  9,58999732758097E-0004  2,02870324775656E+0003
 1,94518125057220E+0000  5,09707051825534E-0004  4,47693164806310E+0003  5,09707051825534E-0004  4,47693164806310E+0003  5,09707051825534E-0004  4,47693164806310E+0003
 2,14997935295105E+0000  2,11507079559316E-0004  7,40717915290489E+0003  2,11507079559316E-0004  7,40717915290489E+0003  2,11507079559316E-0004  7,40717915290489E+0003
 2,35477733612061E+0000 -5,14237025877729E-0005  2,20402342979996E+0003 -5,14237025877729E-0005  2,20402342979996E+0003 -5,14237025877729E-0005  2,20402342979996E+0003
 2,55957531929016E+0000  1,68340055280641E-0004  5,19572516035977E+0003  1,68340055280641E-0004  5,19572516035977E+0003  1,68340055280641E-0004  5,19572516035977E+0003
 2,76437354087830E+0000  2,02363480544713E-0006  2,31725714613519E+0003  2,02363480544713E-0006  2,31725714613519E+0003  2,02363480544713E-0006  2,31725714613519E+0003
 2,96917152404785E+0000  3,00984020823733E-0004  2,47097215047214E+0003  3,00984020823733E-0004  2,47097215047214E+0003  3,00984020823733E-0004  2,47097215047214E+0003
 3,17396950721741E+0000 -2,24563678303872E-0004  2,61830178094162E+0003 -2,24563678303872E-0004  2,61830178094162E+0003 -2,24563678303872E-0004  2,61830178094162E+0003
 3,48116660118103E+0000  2,07249584727355E-0004  2,47172453662803E+0003  2,07249584727355E-0004  2,47172453662803E+0003  2,07249584727355E-0004  2,47172453662803E+0003
 3,89076256752014E+0000  1,41697521694302E-0004  4,08389584768052E+0003  1,41697521694302E-0004  4,08389584768052E+0003  1,41697521694302E-0004  4,08389584768052E+0003
 4,30035877227783E+0000  3,00333382163468E-0004  3,39457029100103E+0003  3,00333382163468E-0004  3,39457029100103E+0003  3,00333382163468E-0004  3,39457029100103E+0003
 4,70995473861694E+0000  1,60800455029087E-0005  4,75885554010318E+0003  1,60800455029087E-0005  4,75885554010318E+0003  1,60800455029087E-0005  4,75885554010318E+0003
 5,11955070495605E+0000  2,13557818810822E-0005  2,69990814270455E+0003  2,13557818810822E-0005  2,69990814270455E+0003  2,13557818810822E-0005  2,69990814270455E+0003
 5,52914667129517E+0000 -8,96078449888731E-0005  1,91930112991974E+0003 -8,96078449888731E-0005  1,91930112991974E+0003 -8,96078449888731E-0005  1,91930112991974E+0003
 5,93874311447144E+0000  8,80000968475748E-0005  2,95652427943407E+0003  8,80000968475748E-0005  2,95652427943407E+0003  8,80000968475748E-0005  2,95652427943407E+0003
 6,34833908081055E+0000 -1,66042104314002E-0004  5,59090855516306E+0003 -1,66042104314002E-0004  5,59090855516306E+0003 -1,66042104314002E-0004  5,59090855516306E+0003
 6,96273326873779E+0000  2,40536974985873E-0004  7,06066508791703E+0003  2,40536974985873E-0004  7,06066508791703E+0003  2,40536974985873E-0004  7,06066508791703E+0003
 7,78192520141602E+0000  1,80762150982890E-0004  5,66329121002278E+0003  1,80762150982890E-0004  5,66329121002278E+0003  1,80762150982890E-0004  5,66329121002278E+0003
 8,60111713409424E+0000 -2,20774628767984E-0005  4,35420492689604E+0003 -2,20774628767984E-0005  4,35420492689604E+0003 -2,20774628767984E-0005  4,35420492689604E+0003
 9,42030906677246E+0000 -8,91493295123833E-0006  3,07827134643730E+0003 -8,91493295123833E-0006  3,07827134643730E+0003 -8,91493295123833E-0006  3,07827134643730E+0003
 1,02395019531250E+0001  1,52512729892524E-0004  2,99352388345096E+0003  1,52512729892524E-0004  2,99352388345096E+0003  1,52512729892524E-0004  2,99352388345096E+0003
 1,10586938858032E+0001 -7,09423282921033E-0005  2,66365918204188E+0003 -7,09423282921033E-0005  2,66365918204188E+0003 -7,09423282921033E-0005  2,66365918204188E+0003
 1,18778858184814E+0001  2,81243331454050E-0004  4,52529183949787E+0003  2,81243331454050E-0004  4,52529183949787E+0003  2,81243331454050E-0004  4,52529183949787E+0003
 1,26970777511596E+0001  1,07659152269235E-0004  8,54201760094093E+0003  1,07659152269235E-0004  8,54201760094093E+0003  1,07659152269235E-0004  8,54201760094093E+0003
 1,39258661270141E+0001  2,05293719349326E-0005  5,24444692276397E+0003  2,05293719349326E-0005  5,24444692276397E+0003  2,05293719349326E-0005  5,24444692276397E+0003
 1,55642499923706E+0001  3,48024284685226E-0005  4,22085064918668E+0003  3,48024284685226E-0005  4,22085064918668E+0003  3,48024284685226E-0005  4,22085064918668E+0003
 1,72026348114014E+0001  1,08066929353265E-0004  2,95735008986701E+0003  1,08066929353265E-0004  2,95735008986701E+0003  1,08066929353265E-0004  2,95735008986701E+0003
 1,88410186767578E+0001  9,95676352447394E-0005  3,17385652955103E+0003  9,95676352447394E-0005  3,17385652955103E+0003  9,95676352447394E-0005  3,17385652955103E+0003
 2,04794025421143E+0001 -2,61906597353551E-0004  3,39917811741731E+0003 -2,61906597353551E-0004  3,39917811741731E+0003 -2,61906597353551E-0004  3,39917811741731E+0003
 2,21177883148193E+0001  6,36993041496865E-0006  2,88587791862765E+0003  6,36993041496865E-0006  2,88587791862765E+0003  6,36993041496865E-0006  2,88587791862765E+0003
 2,37561721801758E+0001  8,80684100730645E-0005  2,95434835562401E+0003  8,80684100730645E-0005  2,95434835562401E+0003  8,80684100730645E-0005  2,95434835562401E+0003
 2,53945560455322E+0001 -5,83861049336360E-0005  2,05681522596448E+0003 -5,83861049336360E-0005  2,05681522596448E+0003 -5,83861049336360E-0005  2,05681522596448E+0003
 2,78521327972412E+0001 -4,57093839181496E-0005  2,98660259834776E+0003 -4,57093839181496E-0005  2,98660259834776E+0003 -4,57093839181496E-0005  2,98660259834776E+0003
 3,11289005279541E+0001 -1,22442196061582E-0004  2,40778959006154E+0003 -1,22442196061582E-0004  2,40778959006154E+0003 -1,22442196061582E-0004  2,40778959006154E+0003
 3,44056701660156E+0001 -7,27908705822026E-0006  2,11141167069966E+0003 -7,27908705822026E-0006  2,11141167069966E+0003 -7,27908705822026E-0006  2,11141167069966E+0003
 3,76824378967285E+0001 -1,45046845110767E-0004  2,37165827980670E+0003 -1,45046845110767E-0004  2,37165827980670E+0003 -1,45046845110767E-0004  2,37165827980670E+0003
 4,09592056274414E+0001 -8,98958568355866E-0005  2,18244337309791E+0003 -8,98958568355866E-0005  2,18244337309791E+0003 -8,98958568355866E-0005  2,18244337309791E+0003
 4,42359733581543E+0001  1,66123544091812E-0004  2,06231544215733E+0003  1,66123544091812E-0004  2,06231544215733E+0003  1,66123544091812E-0004  2,06231544215733E+0003
 4,75127449035645E+0001  5,62707361343486E-0005  1,84775437927808E+0003  5,62707361343486E-0005  1,84775437927808E+0003  5,62707361343486E-0005  1,84775437927808E+0003
 5,07895126342774E+0001  1,05693574566537E-0004  1,90361299412316E+0003  1,05693574566537E-0004  1,90361299412316E+0003  1,05693574566537E-0004  1,90361299412316E+0003
 5,57046661376953E+0001  9,16009007034070E-0005  1,62336165524377E+0003  9,16009007034070E-0005  1,62336165524377E+0003  9,16009007034070E-0005  1,62336165524377E+0003
 6,22582015991211E+0001  8,18922618461655E-0005  1,43787288942572E+0003  8,18922618461655E-0005  1,43787288942572E+0003  8,18922618461655E-0005  1,43787288942572E+0003
 6,88117370605469E+0001  1,58776701225238E-0004  1,42019507701608E+0003  1,58776701225238E-0004  1,42019507701608E+0003  1,58776701225238E-0004  1,42019507701608E+0003
 7,53652725219726E+0001  4,40358903434499E-0005  1,43405340701435E+0003  4,40358903434499E-0005  1,43405340701435E+0003  4,40358903434499E-0005  1,43405340701435E+0003
 8,19188156127930E+0001 -7,28808642488873E-0005  1,30124803283211E+0003 -7,28808642488873E-0005  1,30124803283211E+0003 -7,28808642488873E-0005  1,30124803283211E+0003
 8,84723510742188E+0001  5,29049423577798E-0006  1,23724978732987E+0003  5,29049423577798E-0006  1,23724978732987E+0003  5,29049423577798E-0006  1,23724978732987E+0003
 9,50258865356445E+0001  2,70623556699610E-0004  1,08929043902462E+0003  2,70623556699610E-0004  1,08929043902462E+0003  2,70623556699610E-0004  1,08929043902462E+0003
 1,01579421997070E+0002  1,28242509931878E-0004  1,11297949900316E+0003  1,28242509931878E-0004  1,11297949900316E+0003  1,28242509931878E-0004  1,11297949900316E+0003
 1,11409729003906E+0002  1,09996376065320E-0004  1,08730470216290E+0003  1,09996376065320E-0004  1,08730470216290E+0003  1,09996376065320E-0004  1,08730470216290E+0003
 1,24516799926757E+0002  1,31588207934395E-0004  1,10127749585543E+0003  1,31588207934395E-0004  1,10127749585543E+0003  1,31588207934395E-0004  1,10127749585543E+0003
 1,37623870849609E+0002  2,16323600995054E-0004  8,23344225446629E+0002  2,16323600995054E-0004  8,23344225446629E+0002  2,16323600995054E-0004  8,23344225446629E+0002
 1,50730957031250E+0002  2,16069691613660E-0004  8,62642218640596E+0002  2,16069691613660E-0004  8,62642218640596E+0002  2,16069691613660E-0004  8,62642218640596E+0002
 1,63838027954102E+0002  3,02081731421847E-0004  7,14385756640393E+0002  3,02081731421847E-0004  7,14385756640393E+0002  3,02081731421847E-0004  7,14385756640393E+0002
 1,76945098876953E+0002  3,05374019781040E-0004  7,96304850278303E+0002  3,05374019781040E-0004  7,96304850278303E+0002  3,05374019781040E-0004  7,96304850278303E+0002
 1,90052169799805E+0002  3,28652250744655E-0004  7,98245113904056E+0002  3,28652250744655E-0004  7,98245113904056E+0002  3,28652250744655E-0004  7,98245113904056E+0002
 2,03159240722656E+0002  3,46304496852936E-0004  8,17350037249209E+0002  3,46304496852936E-0004  8,17350037249209E+0002  3,46304496852936E-0004  8,17350037249209E+0002
 2,22819854736328E+0002  5,39536258026777E-0004  7,32340520036738E+0002  5,39536258026777E-0004  7,32340520036738E+0002  5,39536258026777E-0004  7,32340520036738E+0002
 2,49034011840820E+0002  8,64757535387495E-0004  7,12102324792962E+0002  8,64757535387495E-0004  7,12102324792962E+0002  8,64757535387495E-0004  7,12102324792962E+0002
 2,75248168945313E+0002  1,23500884385326E-0003  6,23739953944195E+0002  1,23500884385326E-0003  6,23739953944195E+0002  1,23500884385326E-0003  6,23739953944195E+0002
 3,01462310791016E+0002  1,08138335154098E-0003  5,41606415054874E+0002  1,08138335154098E-0003  5,41606415054874E+0002  1,08138335154098E-0003  5,41606415054874E+0002
 3,27676452636719E+0002  9,87669913192286E-0004  5,39067958436567E+0002  9,87669913192286E-0004  5,39067958436567E+0002  9,87669913192286E-0004  5,39067958436567E+0002
 3,53890594482422E+0002  1,27714204925332E-0003  6,06190179135491E+0002  1,27714204925332E-0003  6,06190179135491E+0002  1,27714204925332E-0003  6,06190179135491E+0002
 3,80104736328125E+0002  1,51542627934238E-0003  5,74479865550002E+0002  1,51542627934238E-0003  5,74479865550002E+0002  1,51542627934238E-0003  5,74479865550002E+0002
 4,06318908691406E+0002  1,39583169607059E-0003  6,91371610737790E+0002  1,39583169607059E-0003  6,91371610737790E+0002  1,39583169607059E-0003  6,91371610737790E+0002
 4,45640106201172E+0002  1,67302453870509E-0003  7,94186397277413E+0002  1,67302453870509E-0003  7,94186397277413E+0002  1,67302453870509E-0003  7,94186397277413E+0002
 4,98068420410156E+0002  1,68313580967857E-0003  1,28855515808137E+0003  1,68313580967857E-0003  1,28855515808137E+0003  1,68313580967857E-0003  1,28855515808137E+0003
 5,50496704101563E+0002  1,14442310658636E-0003  1,13486067532033E+0003  1,14442310658636E-0003  1,13486067532033E+0003  1,14442310658636E-0003  1,13486067532033E+0003
 6,02924987792969E+0002  6,54277777923867E-0004  8,25467490643485E+0002  6,54277777923867E-0004  8,25467490643485E+0002  6,54277777923867E-0004  8,25467490643485E+0002
 6,55353271484375E+0002  1,52038198282330E-0004  6,58898801855481E+0002  1,52038198282330E-0004  6,58898801855481E+0002  1,52038198282330E-0004  6,58898801855481E+0002
 7,07781616210937E+0002  4,98819066424956E-0004  8,31227466571002E+0002  4,98819066424956E-0004  8,31227466571002E+0002  4,98819066424956E-0004  8,31227466571002E+0002
 7,60209899902344E+0002  4,55892672708810E-0004  8,96057822094703E+0002  4,55892672708810E-0004  8,96057822094703E+0002  4,55892672708810E-0004  8,96057822094703E+0002
 8,12638183593750E+0002  4,00344787921268E-0004  8,59296056178038E+0002  4,00344787921268E-0004  8,59296056178038E+0002  4,00344787921268E-0004  8,59296056178038E+0002
