 Corr.Time[ms]           Correlation(1->2+2->1)  Weighting(1->2+2->1)    Correlation(1->2)       Weighting(1->2)         Correlation(2->1)       Weighting(2->1)
 2,24997405894101E-0004  1,53555433611874E-0001  1,52483988523147E+0001  1,53555433611874E-0001  1,52483988523147E+0001  1,53555433611874E-0001  1,52483988523147E+0001
 2,74996826192364E-0004  5,69715910884568E-0002  9,56529767775306E+0000  5,69715910884568E-0002  9,56529767775306E+0000  5,69715910884568E-0002  9,56529767775306E+0000
 3,24996246490628E-0004  6,32280939890736E-0002  2,59984519853778E+0001  6,32280939890736E-0002  2,59984519853778E+0001  6,32280939890736E-0002  2,59984519853778E+0001
 3,74995666788891E-0004  4,54691580599480E-0002  1,91616702132280E+0001  4,54691580599480E-0002  1,91616702132280E+0001  4,54691580599480E-0002  1,91616702132280E+0001
 4,49994811788201E-0004 -1,94166008964002E-0002  3,02404479482040E+0001 -1,94166008964002E-0002  3,02404479482040E+0001 -1,94166008964002E-0002  3,02404479482040E+0001
 5,49993652384728E-0004  2,43193756570062E-0002  4,60221239468085E+0001  2,43193756570062E-0002  4,60221239468085E+0001  2,43193756570062E-0002  4,60221239468085E+0001
 6,49992492981255E-0004 -3,11333913320415E-0003  2,82235818904180E+0001 -3,11333913320415E-0003  2,82235818904180E+0001 -3,11333913320415E-0003  2,82235818904180E+0001
 7,49991333577782E-0004  3,89648508735979E-0002  3,33325981296481E+0001  3,89648508735979E-0002  3,33325981296481E+0001  3,89648508735979E-0002  3,33325981296481E+0001
 8,49990232381970E-0004  1,70496403508550E-0002  3,01949155650712E+0001  1,70496403508550E-0002  3,01949155650712E+0001  1,70496403508550E-0002  3,01949155650712E+0001
 9,49989072978497E-0004  7,93906635728546E-0002  2,73212483840356E+0001  7,93906635728546E-0002  2,73212483840356E+0001  7,93906635728546E-0002  2,73212483840356E+0001
 1,04998785536736E-0003  1,04018869418562E-0002  2,15866878114269E+0001  1,04018869418562E-0002  2,15866878114269E+0001  1,04018869418562E-0002  2,15866878114269E+0001
 1,14998675417155E-0003  1,08538416427467E-0002  2,73946575215469E+0001  1,08538416427467E-0002  2,73946575215469E+0001  1,08538416427467E-0002  2,73946575215469E+0001
 1,29998498596251E-0003  1,84707231561854E-0002  4,20084295954236E+0001  1,84707231561854E-0002  4,20084295954236E+0001  1,84707231561854E-0002  4,20084295954236E+0001
 1,49998266715556E-0003  1,24364096622543E-0002  1,76006039943172E+0001  1,24364096622543E-0002  1,76006039943172E+0001  1,24364096622543E-0002  1,76006039943172E+0001
 1,69998046476394E-0003 -4,92254468215892E-0003  6,10170068908852E+0001 -4,92254468215892E-0003  6,10170068908852E+0001 -4,92254468215892E-0003  6,10170068908852E+0001
 1,89997814595699E-0003  1,21667585172442E-0002  4,02906392145907E+0001  1,21667585172442E-0002  4,02906392145907E+0001  1,21667585172442E-0002  4,02906392145907E+0001
 2,09997571073473E-0003  7,38122499436354E-0004  3,17044012486128E+0001  7,38122499436354E-0004  3,17044012486128E+0001  7,38122499436354E-0004  3,17044012486128E+0001
 2,29997350834310E-0003  8,26729453840083E-0003  2,82376341810643E+0001  8,26729453840083E-0003  2,82376341810643E+0001  8,26729453840083E-0003  2,82376341810643E+0001
 2,49997130595148E-0003  4,79001854829849E-0002  3,46665777419022E+0001  4,79001854829849E-0002  3,46665777419022E+0001  4,79001854829849E-0002  3,46665777419022E+0001
 2,69996887072921E-0003 -8,74185852987529E-0003  3,91267545893562E+0001 -8,74185852987529E-0003  3,91267545893562E+0001 -8,74185852987529E-0003  3,91267545893562E+0001
 2,99996533431113E-0003  2,99852470488425E-0002  4,67322530280286E+0001  2,99852470488425E-0002  4,67322530280286E+0001  2,99852470488425E-0002  4,67322530280286E+0001
 3,39996092952788E-0003 -1,80867557630751E-0002  7,47454379538343E+0001 -1,80867557630751E-0002  7,47454379538343E+0001 -1,80867557630751E-0002  7,47454379538343E+0001
 3,79995629191399E-0003  3,50294425145164E-0002  6,67521845536085E+0001  3,50294425145164E-0002  6,67521845536085E+0001  3,50294425145164E-0002  6,67521845536085E+0001
 4,19995142146945E-0003  2,73264746805551E-0002  6,66409804616303E+0001  2,73264746805551E-0002  6,66409804616303E+0001  2,73264746805551E-0002  6,66409804616303E+0001
 4,59994701668620E-0003  4,07858991609411E-0002  5,13420190329600E+0001  4,07858991609411E-0002  5,13420190329600E+0001  4,07858991609411E-0002  5,13420190329600E+0001
 4,99994261190295E-0003  9,70780965385916E-0003  3,86301102388763E+0001  9,70780965385916E-0003  3,86301102388763E+0001  9,70780965385916E-0003  3,86301102388763E+0001
 5,39993774145842E-0003  3,76865830263694E-0002  4,97210747718642E+0001  3,76865830263694E-0002  4,97210747718642E+0001  3,76865830263694E-0002  4,97210747718642E+0001
 5,79993333667517E-0003  8,92122290732290E-0003  3,05150019171431E+0001  8,92122290732290E-0003  3,05150019171431E+0001  8,92122290732290E-0003  3,05150019171431E+0001
 6,39992626383901E-0003  1,66754807200838E-0003  6,29935883935104E+0001  1,66754807200838E-0003  6,29935883935104E+0001  1,66754807200838E-0003  6,29935883935104E+0001
 7,19991698861122E-0003  5,31715246621776E-0003  6,26503137174868E+0001  5,31715246621776E-0003  6,26503137174868E+0001  5,31715246621776E-0003  6,26503137174868E+0001
 7,99990817904472E-0003 -4,20291682430087E-0003  7,88138040886173E+0001 -4,20291682430087E-0003  7,88138040886173E+0001 -4,20291682430087E-0003  7,88138040886173E+0001
 8,79989843815565E-0003  1,66667149995741E-0002  8,26906617665285E+0001  1,66667149995741E-0002  8,26906617665285E+0001  1,66667149995741E-0002  8,26906617665285E+0001
 9,59988962858915E-0003  3,31172421209912E-0003  6,14106327632450E+0001  3,31172421209912E-0003  6,14106327632450E+0001  3,31172421209912E-0003  6,14106327632450E+0001
 1,03998798877000E-0002  3,30632332191788E-0003  7,72835757979200E+0001  3,30632332191788E-0003  7,72835757979200E+0001  3,30632332191788E-0003  7,72835757979200E+0001
 1,11998710781335E-0002  1,31702871870206E-0002  9,30649527870627E+0001  1,31702871870206E-0002  9,30649527870627E+0001  1,31702871870206E-0002  9,30649527870627E+0001
 1,19998613372445E-0002  1,04022090620103E-0002  3,78012091416083E+0001  1,04022090620103E-0002  3,78012091416083E+0001  1,04022090620103E-0002  3,78012091416083E+0001
 1,31998481228947E-0002 -2,64300241584620E-0003  9,85159480523263E+0001 -2,64300241584620E-0003  9,85159480523263E+0001 -2,64300241584620E-0003  9,85159480523263E+0001
 1,47998295724391E-0002  8,62354059239134E-0003  8,38183208303896E+0001  8,62354059239134E-0003  8,38183208303896E+0001  8,62354059239134E-0003  8,38183208303896E+0001
 1,63998119533062E-0002  4,71717106662266E-0003  7,09605842760917E+0001  4,71717106662266E-0003  7,09605842760917E+0001  4,71717106662266E-0003  7,09605842760917E+0001
 1,79997924715281E-0002  1,00952824421996E-0002  1,58328225443587E+0002  1,00952824421996E-0002  1,58328225443587E+0002  1,00952824421996E-0002  1,58328225443587E+0002
 1,95997748523951E-0002  8,23680735430855E-0003  1,23443519292029E+0002  8,23680735430855E-0003  1,23443519292029E+0002  8,23680735430855E-0003  1,23443519292029E+0002
 2,11997553706169E-0002 -1,56229967791182E-0003  8,02211064926299E+0001 -1,56229967791182E-0003  8,02211064926299E+0001 -1,56229967791182E-0003  8,02211064926299E+0001
 2,27997377514839E-0002  7,67489343098571E-0003  1,10268805042177E+0002  7,67489343098571E-0003  1,10268805042177E+0002  7,67489343098571E-0003  1,10268805042177E+0002
 2,43997182697058E-0002  1,02042383854999E-0002  1,92252747105427E+0002  1,02042383854999E-0002  1,92252747105427E+0002  1,02042383854999E-0002  1,92252747105427E+0002
 2,67996918410063E-0002  3,64955233833340E-0003  1,68248482735544E+0002  3,64955233833340E-0003  1,68248482735544E+0002  3,64955233833340E-0003  1,68248482735544E+0002
 2,99996547400951E-0002  5,05909050257269E-0003  1,62605274266160E+0002  5,05909050257269E-0003  1,62605274266160E+0002  5,05909050257269E-0003  1,62605274266160E+0002
 3,31996157765388E-0002 -6,98026417622049E-0003  1,34986944147007E+0002 -6,98026417622049E-0003  1,34986944147007E+0002 -6,98026417622049E-0003  1,34986944147007E+0002
 3,63995805382729E-0002  1,42462280630462E-0002  1,45338437220532E+0002  1,42462280630462E-0002  1,45338437220532E+0002  1,42462280630462E-0002  1,45338437220532E+0002
 3,95995453000069E-0002  3,34948587288113E-0003  1,32078819244638E+0002  3,34948587288113E-0003  1,32078819244638E+0002  3,34948587288113E-0003  1,32078819244638E+0002
 4,27995063364506E-0002  2,47868426708360E-0003  1,98064597390764E+0002  2,47868426708360E-0003  1,98064597390764E+0002  2,47868426708360E-0003  1,98064597390764E+0002
 4,59994710981846E-0002  7,43424288904599E-0003  1,21815947861943E+0002  7,43424288904599E-0003  1,21815947861943E+0002  7,43424288904599E-0003  1,21815947861943E+0002
 4,91994321346283E-0002  3,31653662039615E-0003  9,34723372444595E+0001  3,31653662039615E-0003  9,34723372444595E+0001  3,31653662039615E-0003  9,34723372444595E+0001
 5,39993792772293E-0002  1,98074941186467E-0003  1,96917496941947E+0002  1,98074941186467E-0003  1,96917496941947E+0002  1,98074941186467E-0003  1,96917496941947E+0002
 6,03993050754070E-0002  2,06840391792119E-0003  1,89431807089836E+0002  2,06840391792119E-0003  1,89431807089836E+0002  2,06840391792119E-0003  1,89431807089836E+0002
 6,67992308735847E-0002 -2,48559277922622E-0004  3,46987806497682E+0002 -2,48559277922622E-0004  3,46987806497682E+0002 -2,48559277922622E-0004  3,46987806497682E+0002
 7,31991603970528E-0002  3,20295750845304E-0003  2,51950915741250E+0002  3,20295750845304E-0003  2,51950915741250E+0002  3,20295750845304E-0003  2,51950915741250E+0002
 7,95990824699402E-0002  5,70392791867924E-0004  1,90551794566231E+0002  5,70392791867924E-0004  1,90551794566231E+0002  5,70392791867924E-0004  1,90551794566231E+0002
 8,59990119934082E-0002  4,57126534160031E-0003  1,99693477831315E+0002  4,57126534160031E-0003  1,99693477831315E+0002  4,57126534160031E-0003  1,99693477831315E+0002
 9,23989340662956E-0002 -1,70296341132089E-0003  3,24366314639978E+0002 -1,70296341132089E-0003  3,24366314639978E+0002 -1,70296341132089E-0003  3,24366314639978E+0002
 9,87988635897636E-0002 -3,82526277143004E-0003  1,87747696447027E+0002 -3,82526277143004E-0003  1,87747696447027E+0002 -3,82526277143004E-0003  1,87747696447027E+0002
 1,08398750424385E-0001  2,85898467618796E-0003  2,28095887152032E+0002  2,85898467618796E-0003  2,28095887152032E+0002  2,85898467618796E-0003  2,28095887152032E+0002
 1,21198602020740E-0001  1,96540295028881E-0003  2,55682261053495E+0002  1,96540295028881E-0003  2,55682261053495E+0002  1,96540295028881E-0003  2,55682261053495E+0002
 1,33998453617096E-0001 -5,23250809406933E-0003  1,44501112356437E+0002 -5,23250809406933E-0003  1,44501112356437E+0002 -5,23250809406933E-0003  1,44501112356437E+0002
 1,46798312664032E-0001  5,96769881485784E-0003  3,17401234564025E+0002  5,96769881485784E-0003  3,17401234564025E+0002  5,96769881485784E-0003  3,17401234564025E+0002
 1,59598156809807E-0001 -6,37780284214249E-0005  2,42068054416333E+0002 -6,37780284214249E-0005  2,42068054416333E+0002 -6,37780284214249E-0005  2,42068054416333E+0002
 1,72398015856743E-0001  6,88307968237955E-0004  3,22202870765500E+0002  6,88307968237955E-0004  3,22202870765500E+0002  6,88307968237955E-0004  3,22202870765500E+0002
 1,85197860002518E-0001 -8,94783456499393E-0004  3,14507056744604E+0002 -8,94783456499393E-0004  3,14507056744604E+0002 -8,94783456499393E-0004  3,14507056744604E+0002
 1,97997719049454E-0001  7,66335968372012E-0004  1,43274164733985E+0002  7,66335968372012E-0004  1,43274164733985E+0002  7,66335968372012E-0004  1,43274164733985E+0002
 2,17197492718697E-0001 -9,01868991968735E-0004  7,03115877710776E+0002 -9,01868991968735E-0004  7,03115877710776E+0002 -9,01868991968735E-0004  7,03115877710776E+0002
 2,42797195911407E-0001  5,87474592914760E-0004  1,91193963075020E+0002  5,87474592914760E-0004  1,91193963075020E+0002  5,87474592914760E-0004  1,91193963075020E+0002
 2,68396914005280E-0001  3,53836617356995E-0003  4,18159631514914E+0002  3,53836617356995E-0003  4,18159631514914E+0002  3,53836617356995E-0003  4,18159631514914E+0002
 2,93996602296829E-0001  2,20297611492046E-0003  4,95841804474317E+0002  2,20297611492046E-0003  4,95841804474317E+0002  2,20297611492046E-0003  4,95841804474317E+0002
 3,19596320390701E-0001  3,06111297313217E-0003  2,89263898662468E+0002  3,06111297313217E-0003  2,89263898662468E+0002  3,06111297313217E-0003  2,89263898662468E+0002
 3,45196008682251E-0001 -2,71397271184615E-0003  3,96920448839500E+0002 -2,71397271184615E-0003  3,96920448839500E+0002 -2,71397271184615E-0003  3,96920448839500E+0002
 3,70795726776123E-0001  5,18611515721103E-0003  3,19976882448674E+0002  5,18611515721103E-0003  3,19976882448674E+0002  5,18611515721103E-0003  3,19976882448674E+0002
 3,96395444869995E-0001  2,25307252219589E-0003  2,70309572112404E+0002  2,25307252219589E-0003  2,70309572112404E+0002  2,25307252219589E-0003  2,70309572112404E+0002
 4,34794992208481E-0001  1,62751926194089E-0003  5,96896761506261E+0002  1,62751926194089E-0003  5,96896761506261E+0002  1,62751926194089E-0003  5,96896761506261E+0002
 4,85994398593903E-0001  1,10109627494541E-0003  4,82048860207852E+0002  1,10109627494541E-0003  4,82048860207852E+0002  1,10109627494541E-0003  4,82048860207852E+0002
 5,37193834781647E-0001 -1,32746935035089E-0004  8,56361080933389E+0002 -1,32746935035089E-0004  8,56361080933389E+0002 -1,32746935035089E-0004  8,56361080933389E+0002
 5,88393211364746E-0001  3,76284919562253E-0004  6,17830396822179E+0002  3,76284919562253E-0004  6,17830396822179E+0002  3,76284919562253E-0004  6,17830396822179E+0002
 6,39592647552490E-0001  1,21867877533422E-0003  6,65528547776600E+0002  1,21867877533422E-0003  6,65528547776600E+0002  1,21867877533422E-0003  6,65528547776600E+0002
 6,90792024135590E-0001 -8,78427208336308E-0004  7,19204932029466E+0002 -8,78427208336308E-0004  7,19204932029466E+0002 -8,78427208336308E-0004  7,19204932029466E+0002
 7,41991460323334E-0001  4,05035348265402E-0003  3,66035378720851E+0002  4,05035348265402E-0003  3,66035378720851E+0002  4,05035348265402E-0003  3,66035378720851E+0002
 7,93190836906433E-0001  1,47352059638173E-0004  8,91743262021306E+0002  1,47352059638173E-0004  8,91743262021306E+0002  1,47352059638173E-0004  8,91743262021306E+0002
 8,69989991188049E-0001  1,48627295683884E-0003  7,05900805200803E+0002  1,48627295683884E-0003  7,05900805200803E+0002  1,48627295683884E-0003  7,05900805200803E+0002
 9,72388803958893E-0001  2,04663374999703E-0004  9,39301302998370E+0002  2,04663374999703E-0004  9,39301302998370E+0002  2,04663374999703E-0004  9,39301302998370E+0002
 1,07478761672974E+0000  1,94582738969764E-0003  6,81746255875452E+0002  1,94582738969764E-0003  6,81746255875452E+0002  1,94582738969764E-0003  6,81746255875452E+0002
 1,17718648910522E+0000  8,50046077019262E-0004  7,12871801320858E+0002  8,50046077019262E-0004  7,12871801320858E+0002  8,50046077019262E-0004  7,12871801320858E+0002
 1,27958524227142E+0000  1,48036459567236E-0003  9,86740946428934E+0002  1,48036459567236E-0003  9,86740946428934E+0002  1,48036459567236E-0003  9,86740946428934E+0002
 1,38198411464691E+0000  1,71593403521981E-0003  9,88338564179364E+0002  1,71593403521981E-0003  9,88338564179364E+0002  1,71593403521981E-0003  9,88338564179364E+0002
 1,48438286781311E+0000  1,18999247408183E-0003  8,56096066277164E+0002  1,18999247408183E-0003  8,56096066277164E+0002  1,18999247408183E-0003  8,56096066277164E+0002
 1,58678174018860E+0000  1,29902632691095E-0003  8,22622366657829E+0002  1,29902632691095E-0003  8,22622366657829E+0002  1,29902632691095E-0003  8,22622366657829E+0002
 1,74037992954254E+0000  5,83038446517870E-0004  8,89897110855943E+0002  5,83038446517870E-0004  8,89897110855943E+0002  5,83038446517870E-0004  8,89897110855943E+0002
 1,94517755508423E+0000  7,87192144302951E-0004  9,43186867427061E+0002  7,87192144302951E-0004  9,43186867427061E+0002  7,87192144302951E-0004  9,43186867427061E+0002
 2,14997529983521E+0000  2,01659354165851E-0003  7,12851139323831E+0002  2,01659354165851E-0003  7,12851139323831E+0002  2,01659354165851E-0003  7,12851139323831E+0002
 2,35477280616760E+0000  2,01222573743692E-0003  1,09104777631590E+0003  2,01222573743692E-0003  1,09104777631590E+0003  2,01222573743692E-0003  1,09104777631590E+0003
 2,55957055091858E+0000  2,46562970145647E-0004  7,31849301140735E+0002  2,46562970145647E-0004  7,31849301140735E+0002  2,46562970145647E-0004  7,31849301140735E+0002
 2,76436805725098E+0000  6,76002435560397E-0004  1,15980704062843E+0003  6,76002435560397E-0004  1,15980704062843E+0003  6,76002435560397E-0004  1,15980704062843E+0003
 2,96916580200195E+0000  1,80364367670582E-0004  8,34600551818517E+0002  1,80364367670582E-0004  8,34600551818517E+0002  1,80364367670582E-0004  8,34600551818517E+0002
 3,17396354675293E+0000  1,15244050454965E-0004  8,33976313875862E+0002  1,15244050454965E-0004  8,33976313875862E+0002  1,15244050454965E-0004  8,33976313875862E+0002
 3,48115992546082E+0000  4,01444213947910E-0004  1,94656030001369E+0003  4,01444213947910E-0004  1,94656030001369E+0003  4,01444213947910E-0004  1,94656030001369E+0003
 3,89075517654419E+0000  7,52449138517253E-0004  1,74958111903201E+0003  7,52449138517253E-0004  1,74958111903201E+0003  7,52449138517253E-0004  1,74958111903201E+0003
 4,30035066604614E+0000 -3,36911870938994E-0004  6,91793544134878E+0002 -3,36911870938994E-0004  6,91793544134878E+0002 -3,36911870938994E-0004  6,91793544134878E+0002
 4,70994567871094E+0000  5,80134390889175E-0004  1,46993641281249E+0003  5,80134390889175E-0004  1,46993641281249E+0003  5,80134390889175E-0004  1,46993641281249E+0003
 5,11954116821289E+0000  3,79806245787428E-0004  1,43131779843305E+0003  3,79806245787428E-0004  1,43131779843305E+0003  3,79806245787428E-0004  1,43131779843305E+0003
 5,52913618087769E+0000 -8,05788666281559E-0004  1,70039944366521E+0003 -8,05788666281559E-0004  1,70039944366521E+0003 -8,05788666281559E-0004  1,70039944366521E+0003
 5,93873167037964E+0000  2,76023820511073E-0004  2,29672423868530E+0003  2,76023820511073E-0004  2,29672423868530E+0003  2,76023820511073E-0004  2,29672423868530E+0003
 6,34832668304443E+0000 -7,78120939998650E-0004  1,45015510331376E+0003 -7,78120939998650E-0004  1,45015510331376E+0003 -7,78120939998650E-0004  1,45015510331376E+0003
 6,96271991729736E+0000  2,14329706599736E-0004  1,92966661541481E+0003  2,14329706599736E-0004  1,92966661541481E+0003  2,14329706599736E-0004  1,92966661541481E+0003
 7,78191041946411E+0000  6,03850047554622E-0004  2,94271049263962E+0003  6,03850047554622E-0004  2,94271049263962E+0003  6,03850047554622E-0004  2,94271049263962E+0003
 8,60110092163086E+0000  1,70195016717201E-0004  2,15168166694911E+0003  1,70195016717201E-0004  2,15168166694911E+0003  1,70195016717201E-0004  2,15168166694911E+0003
 9,42029190063477E+0000 -1,19749863085849E-0004  3,29047011278244E+0003 -1,19749863085849E-0004  3,29047011278244E+0003 -1,19749863085849E-0004  3,29047011278244E+0003
 1,02394819259643E+0001  6,21493275817808E-0004  2,05522677451091E+0003  6,21493275817808E-0004  2,05522677451091E+0003  6,21493275817808E-0004  2,05522677451091E+0003
 1,10586729049682E+0001 -1,87051664539872E-0004  1,87002080391118E+0003 -1,87051664539872E-0004  1,87002080391118E+0003 -1,87051664539872E-0004  1,87002080391118E+0003
 1,18778629302978E+0001  8,49741036165197E-0005  2,39038864455273E+0003  8,49741036165197E-0005  2,39038864455273E+0003  8,49741036165197E-0005  2,39038864455273E+0003
 1,26970539093017E+0001 -1,22288083058153E-0004  2,61343175620947E+0003 -1,22288083058153E-0004  2,61343175620947E+0003 -1,22288083058153E-0004  2,61343175620947E+0003
 1,39258394241333E+0001  3,60804977493778E-0004  4,50201618489702E+0003  3,60804977493778E-0004  4,50201618489702E+0003  3,60804977493778E-0004  4,50201618489702E+0003
 1,55642204284668E+0001  1,02867695966479E-0004  2,85113466788224E+0003  1,02867695966479E-0004  2,85113466788224E+0003  1,02867695966479E-0004  2,85113466788224E+0003
 1,72026023864746E+0001  2,15448725888101E-0004  3,75683425380075E+0003  2,15448725888101E-0004  3,75683425380075E+0003  2,15448725888101E-0004  3,75683425380075E+0003
 1,88409824371338E+0001  4,77049096975224E-0004  1,91450009377346E+0003  4,77049096975224E-0004  1,91450009377346E+0003  4,77049096975224E-0004  1,91450009377346E+0003
 2,04793643951416E+0001  2,70612801097425E-0004  2,34593666050474E+0003  2,70612801097425E-0004  2,34593666050474E+0003  2,70612801097425E-0004  2,34593666050474E+0003
 2,21177444458008E+0001 -1,19989906860773E-0004  3,28561546427141E+0003 -1,19989906860773E-0004  3,28561546427141E+0003 -1,19989906860773E-0004  3,28561546427141E+0003
 2,37561264038086E+0001 -1,45396267689568E-0004  3,62402299743035E+0003 -1,45396267689568E-0004  3,62402299743035E+0003 -1,45396267689568E-0004  3,62402299743035E+0003
 2,53945083618164E+0001  5,42144004319678E-0004  2,71820644756363E+0003  5,42144004319678E-0004  2,71820644756363E+0003  5,42144004319678E-0004  2,71820644756363E+0003
 2,78520793914795E+0001  1,73320290906376E-0004  3,33293741105611E+0003  1,73320290906376E-0004  3,33293741105611E+0003  1,73320290906376E-0004  3,33293741105611E+0003
 3,11288414001465E+0001  1,73014202825661E-0004  3,78392680347967E+0003  1,73014202825661E-0004  3,78392680347967E+0003  1,73014202825661E-0004  3,78392680347967E+0003
 3,44056053161621E+0001 -1,22263755020102E-0004  2,11573845742955E+0003 -1,22263755020102E-0004  2,11573845742955E+0003 -1,22263755020102E-0004  2,11573845742955E+0003
 3,76823654174805E+0001 -7,22436825977946E-0005  2,13556083871443E+0003 -7,22436825977946E-0005  2,13556083871443E+0003 -7,22436825977946E-0005  2,13556083871443E+0003
 4,09591293334961E+0001  8,80439072867834E-0006  1,47434666072919E+0003  8,80439072867834E-0006  1,47434666072919E+0003  8,80439072867834E-0006  1,47434666072919E+0003
 4,42358894348145E+0001 -3,18449104737073E-0004  2,64934883228655E+0003 -3,18449104737073E-0004  2,64934883228655E+0003 -3,18449104737073E-0004  2,64934883228655E+0003
 4,75126533508301E+0001 -4,24778186734609E-0004  3,21055309701640E+0003 -4,24778186734609E-0004  3,21055309701640E+0003 -4,24778186734609E-0004  3,21055309701640E+0003
 5,07894134521484E+0001 -3,73070966596101E-0004  3,67624483940396E+0003 -3,73070966596101E-0004  3,67624483940396E+0003 -3,73070966596101E-0004  3,67624483940396E+0003
 5,57045593261719E+0001  2,01465613779039E-0004  2,13236423147477E+0003  2,01465613779039E-0004  2,13236423147477E+0003  2,01465613779039E-0004  2,13236423147477E+0003
 6,22580833435059E+0001  2,60685111172365E-0004  2,88818722692274E+0003  2,60685111172365E-0004  2,88818722692274E+0003  2,60685111172365E-0004  2,88818722692274E+0003
 6,88116073608398E+0001  2,47637770201203E-0005  2,38149739208324E+0003  2,47637770201203E-0005  2,38149739208324E+0003  2,47637770201203E-0005  2,38149739208324E+0003
 7,53651351928711E+0001 -1,77720861618091E-0004  1,71458302379628E+0003 -1,77720861618091E-0004  1,71458302379628E+0003 -1,77720861618091E-0004  1,71458302379628E+0003
 8,19186553955078E+0001 -3,55498959983769E-0004  1,63320206102414E+0003 -3,55498959983769E-0004  1,63320206102414E+0003 -3,55498959983769E-0004  1,63320206102414E+0003
 8,84721832275391E+0001 -3,27696052643311E-0004  1,36194284281030E+0003 -3,27696052643311E-0004  1,36194284281030E+0003 -3,27696052643311E-0004  1,36194284281030E+0003
 9,50257034301758E+0001  1,17121278300269E-0004  1,72151475052323E+0003  1,17121278300269E-0004  1,72151475052323E+0003  1,17121278300269E-0004  1,72151475052323E+0003
 1,01579231262207E+0002 -1,19377142563470E-0004  1,77920988037937E+0003 -1,19377142563470E-0004  1,77920988037937E+0003 -1,19377142563470E-0004  1,77920988037937E+0003
 1,11409515380859E+0002 -2,90574731819815E-0004  1,47068496337220E+0003 -2,90574731819815E-0004  1,47068496337220E+0003 -2,90574731819815E-0004  1,47068496337220E+0003
 1,24516563415527E+0002 -6,51923185791215E-0005  1,34146216280498E+0003 -6,51923185791215E-0005  1,34146216280498E+0003 -6,51923185791215E-0005  1,34146216280498E+0003
 1,37623611450195E+0002 -4,26251597228477E-0004  1,22703991904438E+0003 -4,26251597228477E-0004  1,22703991904438E+0003 -4,26251597228477E-0004  1,22703991904438E+0003
 1,50730667114258E+0002 -5,13610956150334E-0004  1,06767962660860E+0003 -5,13610956150334E-0004  1,06767962660860E+0003 -5,13610956150334E-0004  1,06767962660860E+0003
 1,63837707519531E+0002 -5,51837942414779E-0004  1,10479113424166E+0003 -5,51837942414779E-0004  1,10479113424166E+0003 -5,51837942414779E-0004  1,10479113424166E+0003
 1,76944763183594E+0002 -6,00999558001880E-0004  1,21109000339235E+0003 -6,00999558001880E-0004  1,21109000339235E+0003 -6,00999558001880E-0004  1,21109000339235E+0003
 1,90051803588867E+0002 -2,01754166881152E-0004  1,19067288131652E+0003 -2,01754166881152E-0004  1,19067288131652E+0003 -2,01754166881152E-0004  1,19067288131652E+0003
 2,03158859252930E+0002 -9,18178493867527E-0004  1,06816749439489E+0003 -9,18178493867527E-0004  1,06816749439489E+0003 -9,18178493867527E-0004  1,06816749439489E+0003
 2,22819427490234E+0002 -3,99564660879215E-0004  8,77795306701448E+0002 -3,99564660879215E-0004  8,77795306701448E+0002 -3,99564660879215E-0004  8,77795306701448E+0002
 2,49033523559570E+0002 -5,16228954671727E-0004  7,67860536993498E+0002 -5,16228954671727E-0004  7,67860536993498E+0002 -5,16228954671727E-0004  7,67860536993498E+0002
 2,75247619628906E+0002 -4,60630572710286E-0004  7,53867729844318E+0002 -4,60630572710286E-0004  7,53867729844318E+0002 -4,60630572710286E-0004  7,53867729844318E+0002
 3,01461730957031E+0002 -9,28186339950399E-0004  8,12782190415987E+0002 -9,28186339950399E-0004  8,12782190415987E+0002 -9,28186339950399E-0004  8,12782190415987E+0002
 3,27675811767578E+0002 -1,40923457346241E-0003  6,31771651266682E+0002 -1,40923457346241E-0003  6,31771651266682E+0002 -1,40923457346241E-0003  6,31771651266682E+0002
 3,53889923095703E+0002 -1,59862186608960E-0003  6,47276501730589E+0002 -1,59862186608960E-0003  6,47276501730589E+0002 -1,59862186608960E-0003  6,47276501730589E+0002
 3,80104034423828E+0002 -1,05707719004847E-0003  6,21581063520601E+0002 -1,05707719004847E-0003  6,21581063520601E+0002 -1,05707719004847E-0003  6,21581063520601E+0002
 4,06318115234375E+0002 -6,30626431588632E-0004  5,67429546391881E+0002 -6,30626431588632E-0004  5,67429546391881E+0002 -6,30626431588632E-0004  5,67429546391881E+0002
 4,45639251708984E+0002 -1,05705333849052E-0003  6,53714989267395E+0002 -1,05705333849052E-0003  6,53714989267395E+0002 -1,05705333849052E-0003  6,53714989267395E+0002
 4,98067474365234E+0002 -1,12278887664730E-0003  6,35117539845583E+0002 -1,12278887664730E-0003  6,35117539845583E+0002 -1,12278887664730E-0003  6,35117539845583E+0002
 5,50495666503906E+0002 -1,14874329427267E-0003  6,78610568666701E+0002 -1,14874329427267E-0003  6,78610568666701E+0002 -1,14874329427267E-0003  6,78610568666701E+0002
 6,02923828125000E+0002 -1,45727655838886E-0003  5,00238747580120E+0002 -1,45727655838886E-0003  5,00238747580120E+0002 -1,45727655838886E-0003  5,00238747580120E+0002
 6,55352050781250E+0002 -1,67301260846475E-0003  5,02381262773513E+0002 -1,67301260846475E-0003  5,02381262773513E+0002 -1,67301260846475E-0003  5,02381262773513E+0002
 7,07780273437500E+0002 -1,70648643720153E-0003  6,09132045994135E+0002 -1,70648643720153E-0003  6,09132045994135E+0002 -1,70648643720153E-0003  6,09132045994135E+0002
 7,60208435058594E+0002 -1,94574556962671E-0003  6,76779142299499E+0002 -1,94574556962671E-0003  6,76779142299499E+0002 -1,94574556962671E-0003  6,76779142299499E+0002
 8,12636657714844E+0002 -1,61983214340969E-0003  6,98491602105184E+0002 -1,61983214340969E-0003  6,98491602105184E+0002 -1,61983214340969E-0003  6,98491602105184E+0002
