 Corr.Time[ms]           Correlation(1->2+2->1)  Weighting(1->2+2->1)    Correlation(1->2)       Weighting(1->2)         Correlation(2->1)       Weighting(2->1)
 2,24997784243897E-0004  1,75787783593625E-0002  2,05303123057369E+0001  1,75787783593625E-0002  2,05303123057369E+0001  1,75787783593625E-0002  2,05303123057369E+0001
 2,74997291853651E-0004 -2,84314171951644E-0002  1,42689470496813E+0001 -2,84314171951644E-0002  1,42689470496813E+0001 -2,84314171951644E-0002  1,42689470496813E+0001
 3,24996799463406E-0004  8,44752747458545E-0004  9,84118950052308E+0000  8,44752747458545E-0004  9,84118950052308E+0000  8,44752747458545E-0004  9,84118950052308E+0000
 3,74996307073161E-0004  2,84571758851385E-0002  2,32944316578797E+0001  2,84571758851385E-0002  2,32944316578797E+0001  2,84571758851385E-0002  2,32944316578797E+0001
 4,49995568487793E-0004  3,94404167325769E-0003  3,11269946348992E+0001  3,94404167325769E-0003  3,11269946348992E+0001  3,94404167325769E-0003  3,11269946348992E+0001
 5,49994583707303E-0004 -9,31321390480700E-0003  2,21715694787479E+0001 -9,31321390480700E-0003  2,21715694787479E+0001 -9,31321390480700E-0003  2,21715694787479E+0001
 6,49993598926812E-0004  1,70948204058553E-0002  2,50501753661007E+0001  1,70948204058553E-0002  2,50501753661007E+0001  1,70948204058553E-0002  2,50501753661007E+0001
 7,49992614146322E-0004  1,29546591391805E-0002  1,64256012361559E+0001  1,29546591391805E-0002  1,64256012361559E+0001  1,29546591391805E-0002  1,64256012361559E+0001
 8,49991629365832E-0004 -1,66280327512387E-0002  1,20233503963385E+0001 -1,66280327512387E-0002  1,20233503963385E+0001 -1,66280327512387E-0002  1,20233503963385E+0001
 9,49990644585341E-0004  7,58597788884731E-0003  2,43362018267000E+0001  7,58597788884731E-0003  2,43362018267000E+0001  7,58597788884731E-0003  2,43362018267000E+0001
 1,04998971801251E-0003  3,93590309300484E-0002  3,15566830887250E+0001  3,93590309300484E-0002  3,15566830887250E+0001  3,93590309300484E-0002  3,15566830887250E+0001
 1,14998873323202E-0003 -7,16591897667932E-0003  2,22644727274459E+0001 -7,16591897667932E-0003  2,22644727274459E+0001 -7,16591897667932E-0003  2,22644727274459E+0001
 1,29998719785362E-0003 -1,58789148999026E-0003  3,83115301558790E+0001 -1,58789148999026E-0003  3,83115301558790E+0001 -1,58789148999026E-0003  3,83115301558790E+0001
 1,49998522829264E-0003  8,72383133416910E-0003  3,92147429504694E+0001  8,72383133416910E-0003  3,92147429504694E+0001  8,72383133416910E-0003  3,92147429504694E+0001
 1,69998325873166E-0003  4,44446950781528E-0004  3,27423963247564E+0001  4,44446950781528E-0004  3,27423963247564E+0001  4,44446950781528E-0004  3,27423963247564E+0001
 1,89998128917068E-0003  1,66196945346397E-0002  3,90511261304277E+0001  1,66196945346397E-0002  3,90511261304277E+0001  1,66196945346397E-0002  3,90511261304277E+0001
 2,09997943602502E-0003  4,80989771700475E-0003  3,11274389459456E+0001  4,80989771700475E-0003  3,11274389459456E+0001  4,80989771700475E-0003  3,11274389459456E+0001
 2,29997746646404E-0003 -2,06381101800516E-0002  4,90026273575118E+0001 -2,06381101800516E-0002  4,90026273575118E+0001 -2,06381101800516E-0002  4,90026273575118E+0001
 2,49997549690306E-0003  6,17680707939536E-0003  3,26472552400263E+0001  6,17680707939536E-0003  3,26472552400263E+0001  6,17680707939536E-0003  3,26472552400263E+0001
 2,69997352734208E-0003  1,77319866845176E-0003  6,27434010571044E+0001  1,77319866845176E-0003  6,27434010571044E+0001  1,77319866845176E-0003  6,27434010571044E+0001
 2,99997045658529E-0003  6,64990867563891E-0003  4,95840888999100E+0001  6,64990867563891E-0003  4,95840888999100E+0001  6,64990867563891E-0003  4,95840888999100E+0001
 3,39996651746333E-0003 -1,09763038507102E-0003  6,22601426288380E+0001 -1,09763038507102E-0003  6,22601426288380E+0001 -1,09763038507102E-0003  6,22601426288380E+0001
 3,79996257834137E-0003  4,81362932223148E-0003  2,79195825901258E+0001  4,81362932223148E-0003  2,79195825901258E+0001  4,81362932223148E-0003  2,79195825901258E+0001
 4,19995887205005E-0003 -9,11390784083842E-0003  1,36728745120033E+0002 -9,11390784083842E-0003  1,36728745120033E+0002 -9,11390784083842E-0003  1,36728745120033E+0002
 4,59995493292809E-0003 -5,05959466807874E-0003  2,32535499236327E+0001 -5,05959466807874E-0003  2,32535499236327E+0001 -5,05959466807874E-0003  2,32535499236327E+0001
 4,99995099380612E-0003 -2,79004596821850E-0003  7,74919377625642E+0001 -2,79004596821850E-0003  7,74919377625642E+0001 -2,79004596821850E-0003  7,74919377625642E+0001
 5,39994705468416E-0003  3,61172042736107E-0003  3,35580711447243E+0001  3,61172042736107E-0003  3,35580711447243E+0001  3,61172042736107E-0003  3,35580711447243E+0001
 5,79994311556220E-0003 -2,65111658173074E-0003  3,24434732354666E+0001 -2,65111658173074E-0003  3,24434732354666E+0001 -2,65111658173074E-0003  3,24434732354666E+0001
 6,39993697404861E-0003  5,86745147235823E-0004  6,02652625579619E+0001  5,86745147235823E-0004  6,02652625579619E+0001  5,86745147235823E-0004  6,02652625579619E+0001
 7,19992909580469E-0003  1,64262644117109E-0003  3,74786350633521E+0001  1,64262644117109E-0003  3,74786350633521E+0001  1,64262644117109E-0003  3,74786350633521E+0001
 7,99992121756077E-0003 -8,45169476323674E-0003  3,43928645495109E+0001 -8,45169476323674E-0003  3,43928645495109E+0001 -8,45169476323674E-0003  3,43928645495109E+0001
 8,79991333931684E-0003  6,70715902234838E-0003  9,62801422718438E+0001  6,70715902234838E-0003  9,62801422718438E+0001  6,70715902234838E-0003  9,62801422718438E+0001
 9,59990546107292E-0003  6,43046251164184E-0003  1,68365462585446E+0002  6,43046251164184E-0003  1,68365462585446E+0002  6,43046251164184E-0003  1,68365462585446E+0002
 1,03998975828290E-0002 -2,03690875053055E-0003  5,73328911930682E+0001 -2,03690875053055E-0003  5,73328911930682E+0001 -2,03690875053055E-0003  5,73328911930682E+0001
 1,11998897045850E-0002 -3,76884496528184E-0003  6,45024316737568E+0001 -3,76884496528184E-0003  6,45024316737568E+0001 -3,76884496528184E-0003  6,45024316737568E+0001
 1,19998818263411E-0002  5,96803591284822E-0004  8,77196940578132E+0001  5,96803591284822E-0004  8,77196940578132E+0001  5,96803591284822E-0004  8,77196940578132E+0001
 1,31998704746365E-0002  2,12899315794566E-0003  5,63912414212115E+0001  2,12899315794566E-0003  5,63912414212115E+0001  2,12899315794566E-0003  5,63912414212115E+0001
 1,47998547181487E-0002 -4,67343023723140E-0004  1,18650684618785E+0002 -4,67343023723140E-0004  1,18650684618785E+0002 -4,67343023723140E-0004  1,18650684618785E+0002
 1,63998380303383E-0002 -8,58270480890799E-0003  4,24207310199134E+0001 -8,58270480890799E-0003  4,24207310199134E+0001 -8,58270480890799E-0003  4,24207310199134E+0001
 1,79998222738504E-0002  3,29759640555936E-0003  3,96413692715283E+0001  3,29759640555936E-0003  3,96413692715283E+0001  3,29759640555936E-0003  3,96413692715283E+0001
 1,95998065173626E-0002  3,96623906527389E-0003  1,92244099556995E+0002  3,96623906527389E-0003  1,92244099556995E+0002  3,96623906527389E-0003  1,92244099556995E+0002
 2,11997907608747E-0002  3,81525370810372E-0003  3,25394999741575E+0001  3,81525370810372E-0003  3,25394999741575E+0001  3,81525370810372E-0003  3,25394999741575E+0001
 2,27997750043869E-0002  4,07673919991282E-0003  2,93364681030821E+0002  4,07673919991282E-0003  2,93364681030821E+0002  4,07673919991282E-0003  2,93364681030821E+0002
 2,43997592478991E-0002 -1,62537574510902E-0003  9,85334243690437E+0001 -1,62537574510902E-0003  9,85334243690437E+0001 -1,62537574510902E-0003  9,85334243690437E+0001
 2,67997365444899E-0002  2,69692591626231E-0003  8,01338136786509E+0001  2,69692591626231E-0003  8,01338136786509E+0001  2,69692591626231E-0003  8,01338136786509E+0001
 2,99997050315142E-0002  1,13005419837228E-0003  1,50865187155300E+0002  1,13005419837228E-0003  1,50865187155300E+0002  1,13005419837228E-0003  1,50865187155300E+0002
 3,31996716558933E-0002  6,93717597222550E-0003  1,32368269638766E+0002  6,93717597222550E-0003  1,32368269638766E+0002  6,93717597222550E-0003  1,32368269638766E+0002
 3,63996401429176E-0002  2,01523549166801E-0003  1,05505774008556E+0002  2,01523549166801E-0003  1,05505774008556E+0002  2,01523549166801E-0003  1,05505774008556E+0002
 3,95996086299419E-0002  1,36551972540591E-0003  1,40046173152275E+0002  1,36551972540591E-0003  1,40046173152275E+0002  1,36551972540591E-0003  1,40046173152275E+0002
 4,27995771169662E-0002  5,46926353174893E-0004  8,45992333019406E+0001  5,46926353174893E-0004  8,45992333019406E+0001  5,46926353174893E-0004  8,45992333019406E+0001
 4,59995456039906E-0002 -2,53284554612246E-0003  1,12903000105179E+0002 -2,53284554612246E-0003  1,12903000105179E+0002 -2,53284554612246E-0003  1,12903000105179E+0002
 4,91995140910149E-0002  3,24053167030567E-0003  8,25304851032749E+0001  3,24053167030567E-0003  8,25304851032749E+0001  3,24053167030567E-0003  8,25304851032749E+0001
 5,39994686841965E-0002  1,52867635271715E-0003  1,61804046967362E+0002  1,52867635271715E-0003  1,61804046967362E+0002  1,52867635271715E-0003  1,61804046967362E+0002
 6,03994056582451E-0002  2,30920557049870E-0003  3,89079687646893E+0002  2,30920557049870E-0003  3,89079687646893E+0002  2,30920557049870E-0003  3,89079687646893E+0002
 6,67993426322937E-0002  6,70149465317873E-0003  1,22848002421191E+0002  6,70149465317873E-0003  1,22848002421191E+0002  6,70149465317873E-0003  1,22848002421191E+0002
 7,31992796063423E-0002  7,16734573873523E-0004  1,61230666197910E+0002  7,16734573873523E-0004  1,61230666197910E+0002  7,16734573873523E-0004  1,61230666197910E+0002
 7,95992165803909E-0002  2,14076111920211E-0003  4,96718061527163E+0002  2,14076111920211E-0003  4,96718061527163E+0002  2,14076111920211E-0003  4,96718061527163E+0002
 8,59991535544395E-0002 -5,24428191850176E-0003  1,19808875244038E+0002 -5,24428191850176E-0003  1,19808875244038E+0002 -5,24428191850176E-0003  1,19808875244038E+0002
 9,23990905284882E-0002  4,68957775435161E-0003  1,17991749317449E+0002  4,68957775435161E-0003  1,17991749317449E+0002  4,68957775435161E-0003  1,17991749317449E+0002
 9,87990275025368E-0002 -2,23300795907545E-0003  2,96557616762228E+0002 -2,23300795907545E-0003  2,96557616762228E+0002 -2,23300795907545E-0003  2,96557616762228E+0002
 1,08398936688900E-0001  4,65104759627276E-0003  1,42190738584064E+0002  4,65104759627276E-0003  1,42190738584064E+0002  4,65104759627276E-0003  1,42190738584064E+0002
 1,21198810636997E-0001  2,60955720758299E-0003  1,64616294175423E+0002  2,60955720758299E-0003  1,64616294175423E+0002  2,60955720758299E-0003  1,64616294175423E+0002
 1,33998677134514E-0001  3,03851934619179E-0003  1,49977417745461E+0002  3,03851934619179E-0003  1,49977417745461E+0002  3,03851934619179E-0003  1,49977417745461E+0002
 1,46798551082611E-0001  4,43170214616867E-0003  6,81155976105422E+0002  4,43170214616867E-0003  6,81155976105422E+0002  4,43170214616867E-0003  6,81155976105422E+0002
 1,59598425030708E-0001  9,58466553447798E-0004  1,73744521431046E+0002  9,58466553447798E-0004  1,73744521431046E+0002  9,58466553447798E-0004  1,73744521431046E+0002
 1,72398298978806E-0001  2,22235852589297E-0003  2,86379725531745E+0002  2,22235852589297E-0003  2,86379725531745E+0002  2,22235852589297E-0003  2,86379725531745E+0002
 1,85198172926903E-0001  2,05792331959393E-0003  2,06543124133963E+0002  2,05792331959393E-0003  2,06543124133963E+0002  2,05792331959393E-0003  2,06543124133963E+0002
 1,97998046875000E-0001  4,48172524956985E-0004  2,88100239125763E+0002  4,48172524956985E-0004  2,88100239125763E+0002  4,48172524956985E-0004  2,88100239125763E+0002
 2,17197865247726E-0001  2,53616044607841E-0003  3,70640139903993E+0002  2,53616044607841E-0003  3,70640139903993E+0002  2,53616044607841E-0003  3,70640139903993E+0002
 2,42797613143921E-0001  2,08608866831061E-0003  6,11492408131040E+0002  2,08608866831061E-0003  6,11492408131040E+0002  2,08608866831061E-0003  6,11492408131040E+0002
 2,68397361040115E-0001  2,90282691345026E-0003  4,28704932180916E+0002  2,90282691345026E-0003  4,28704932180916E+0002  2,90282691345026E-0003  4,28704932180916E+0002
 2,93997108936310E-0001 -2,53580805063459E-0004  8,04430238076860E+0002 -2,53580805063459E-0004  8,04430238076860E+0002 -2,53580805063459E-0004  8,04430238076860E+0002
 3,19596856832504E-0001  2,94155308949866E-0003  3,38683609789758E+0002  2,94155308949866E-0003  3,38683609789758E+0002  2,94155308949866E-0003  3,38683609789758E+0002
 3,45196604728699E-0001  4,85755468354540E-0004  6,97990073677246E+0002  4,85755468354540E-0004  6,97990073677246E+0002  4,85755468354540E-0004  6,97990073677246E+0002
 3,70796352624893E-0001 -4,04003446673436E-0005  6,04817861359873E+0002 -4,04003446673436E-0005  6,04817861359873E+0002 -4,04003446673436E-0005  6,04817861359873E+0002
 3,96396100521088E-0001  1,85951727416007E-0003  4,76668362381713E+0002  1,85951727416007E-0003  4,76668362381713E+0002  1,85951727416007E-0003  4,76668362381713E+0002
 4,34795707464218E-0001  5,44596042497118E-0004  2,91088821826555E+0002  5,44596042497118E-0004  2,91088821826555E+0002  5,44596042497118E-0004  2,91088821826555E+0002
 4,85995203256607E-0001  1,44966764110319E-0003  3,00818662324013E+0002  1,44966764110319E-0003  3,00818662324013E+0002  1,44966764110319E-0003  3,00818662324013E+0002
 5,37194728851318E-0001  2,34206312960422E-0003  5,86505987567861E+0002  2,34206312960422E-0003  5,86505987567861E+0002  2,34206312960422E-0003  5,86505987567861E+0002
 5,88394224643707E-0001  1,51063927297459E-0004  3,74581134628742E+0002  1,51063927297459E-0004  3,74581134628742E+0002  1,51063927297459E-0004  3,74581134628742E+0002
 6,39593720436096E-0001  1,18672263930463E-0003  4,94704877823478E+0002  1,18672263930463E-0003  4,94704877823478E+0002  1,18672263930463E-0003  4,94704877823478E+0002
 6,90793216228485E-0001  1,24256893421678E-0003  5,79632674537229E+0002  1,24256893421678E-0003  5,79632674537229E+0002  1,24256893421678E-0003  5,79632674537229E+0002
 7,41992712020874E-0001 -1,04816072722744E-0003  6,31494587026944E+0002 -1,04816072722744E-0003  6,31494587026944E+0002 -1,04816072722744E-0003  6,31494587026944E+0002
 7,93192207813263E-0001  1,42695586905660E-0003  4,83160743497590E+0002  1,42695586905660E-0003  4,83160743497590E+0002  1,42695586905660E-0003  4,83160743497590E+0002
 8,69991421699524E-0001  6,68708465386178E-0004  8,18644854807091E+0002  6,68708465386178E-0004  8,18644854807091E+0002  6,68708465386178E-0004  8,18644854807091E+0002
 9,72390413284302E-0001  7,29978832828194E-0004  8,39397755031442E+0002  7,29978832828194E-0004  8,39397755031442E+0002  7,29978832828194E-0004  8,39397755031442E+0002
 1,07478940486908E+0000 -6,31870491251443E-0004  7,94711049117008E+0002 -6,31870491251443E-0004  7,94711049117008E+0002 -6,31870491251443E-0004  7,94711049117008E+0002
 1,17718839645386E+0000  2,59213772264627E-0004  6,21238188485687E+0002  2,59213772264627E-0004  6,21238188485687E+0002  2,59213772264627E-0004  6,21238188485687E+0002
 1,27958738803864E+0000 -4,21924136571589E-0004  7,74047872002486E+0002 -4,21924136571589E-0004  7,74047872002486E+0002 -4,21924136571589E-0004  7,74047872002486E+0002
 1,38198637962341E+0000  6,29205128822456E-0004  1,08098447367228E+0003  6,29205128822456E-0004  1,08098447367228E+0003  6,29205128822456E-0004  1,08098447367228E+0003
 1,48438537120819E+0000  4,01253519947731E-0004  7,19484765507855E+0002  4,01253519947731E-0004  7,19484765507855E+0002  4,01253519947731E-0004  7,19484765507855E+0002
 1,58678436279297E+0000  3,89020442588288E-0004  6,14935365929660E+0002  3,89020442588288E-0004  6,14935365929660E+0002  3,89020442588288E-0004  6,14935365929660E+0002
 1,74038290977478E+0000  9,75439670778142E-0004  1,35978285898968E+0003  9,75439670778142E-0004  1,35978285898968E+0003  9,75439670778142E-0004  1,35978285898968E+0003
 1,94518089294434E+0000  3,90388146104018E-0004  1,77704652154730E+0003  3,90388146104018E-0004  1,77704652154730E+0003  3,90388146104018E-0004  1,77704652154730E+0003
 2,14997887611389E+0000  2,90301645030641E-0004  1,31126856438684E+0003  2,90301645030641E-0004  1,31126856438684E+0003  2,90301645030641E-0004  1,31126856438684E+0003
 2,35477685928345E+0000  1,72979842181433E-0004  6,60958626542831E+0002  1,72979842181433E-0004  6,60958626542831E+0002  1,72979842181433E-0004  6,60958626542831E+0002
 2,55957484245300E+0000 -3,66624680934215E-0005  1,72283347922540E+0003 -3,66624680934215E-0005  1,72283347922540E+0003 -3,66624680934215E-0005  1,72283347922540E+0003
 2,76437282562256E+0000 -1,40685001167924E-0004  1,11185530647211E+0003 -1,40685001167924E-0004  1,11185530647211E+0003 -1,40685001167924E-0004  1,11185530647211E+0003
 2,96917080879211E+0000  5,16492634095391E-0004  7,01792994330651E+0002  5,16492634095391E-0004  7,01792994330651E+0002  5,16492634095391E-0004  7,01792994330651E+0002
 3,17396879196167E+0000  2,88601882898398E-0005  6,81576946526030E+0002  2,88601882898398E-0005  6,81576946526030E+0002  2,88601882898398E-0005  6,81576946526030E+0002
 3,48116564750671E+0000  1,26302910410819E-0004  1,14823551748899E+0003  1,26302910410819E-0004  1,14823551748899E+0003  1,26302910410819E-0004  1,14823551748899E+0003
 3,89076161384583E+0000 -3,34100653520642E-0005  1,52357806439517E+0003 -3,34100653520642E-0005  1,52357806439517E+0003 -3,34100653520642E-0005  1,52357806439517E+0003
 4,30035781860352E+0000 -3,49941523520518E-0005  9,78292157979789E+0002 -3,49941523520518E-0005  9,78292157979789E+0002 -3,49941523520518E-0005  9,78292157979789E+0002
 4,70995378494263E+0000  1,27369415390048E-0004  1,61908030150959E+0003  1,27369415390048E-0004  1,61908030150959E+0003  1,27369415390048E-0004  1,61908030150959E+0003
 5,11954975128174E+0000  1,39295647179349E-0004  1,53463982605266E+0003  1,39295647179349E-0004  1,53463982605266E+0003  1,39295647179349E-0004  1,53463982605266E+0003
 5,52914571762085E+0000 -1,09963234365331E-0004  1,01960867630570E+0003 -1,09963234365331E-0004  1,01960867630570E+0003 -1,09963234365331E-0004  1,01960867630570E+0003
 5,93874168395996E+0000 -2,27287633925215E-0004  1,15262181104808E+0003 -2,27287633925215E-0004  1,15262181104808E+0003 -2,27287633925215E-0004  1,15262181104808E+0003
 6,34833765029907E+0000  2,73418826102006E-0005  7,00530163961546E+0003  2,73418826102006E-0005  7,00530163961546E+0003  2,73418826102006E-0005  7,00530163961546E+0003
 6,96273136138916E+0000 -2,91945889829485E-0004  3,09203090401722E+0003 -2,91945889829485E-0004  3,09203090401722E+0003 -2,91945889829485E-0004  3,09203090401722E+0003
 7,78192329406738E+0000  1,08932122489880E-0004  8,20068298119696E+0002  1,08932122489880E-0004  8,20068298119696E+0002  1,08932122489880E-0004  8,20068298119696E+0002
 8,60111522674561E+0000 -1,80963721953746E-0004  1,40743845488776E+0003 -1,80963721953746E-0004  1,40743845488776E+0003 -1,80963721953746E-0004  1,40743845488776E+0003
 9,42030715942383E+0000 -1,91885764114605E-0005  2,86306699482270E+0003 -1,91885764114605E-0005  2,86306699482270E+0003 -1,91885764114605E-0005  2,86306699482270E+0003
 1,02394990921020E+0001  1,27813831934049E-0005  1,21586339009063E+0003  1,27813831934049E-0005  1,21586339009063E+0003  1,27813831934049E-0005  1,21586339009063E+0003
 1,10586910247802E+0001 -6,97084500856977E-0005  2,35329360976745E+0003 -6,97084500856977E-0005  2,35329360976745E+0003 -6,97084500856977E-0005  2,35329360976745E+0003
 1,18778829574585E+0001  7,79609358228214E-0005  1,60656948318842E+0003  7,79609358228214E-0005  1,60656948318842E+0003  7,79609358228214E-0005  1,60656948318842E+0003
 1,26970748901367E+0001  2,62387028677157E-0004  1,30698287389908E+0003  2,62387028677157E-0004  1,30698287389908E+0003  2,62387028677157E-0004  1,30698287389908E+0003
 1,39258632659912E+0001 -1,66256785010497E-0005  2,85408747068117E+0003 -1,66256785010497E-0005  2,85408747068117E+0003 -1,66256785010497E-0005  2,85408747068117E+0003
 1,55642471313476E+0001 -5,39958759018660E-0005  1,25974791538511E+0003 -5,39958759018660E-0005  1,25974791538511E+0003 -5,39958759018660E-0005  1,25974791538511E+0003
 1,72026309967041E+0001 -4,73092112467703E-0005  1,43571058285155E+0003 -4,73092112467703E-0005  1,43571058285155E+0003 -4,73092112467703E-0005  1,43571058285155E+0003
 1,88410148620605E+0001 -2,89206029081573E-0005  2,08751101104441E+0003 -2,89206029081573E-0005  2,08751101104441E+0003 -2,89206029081573E-0005  2,08751101104441E+0003
 2,04793987274170E+0001  2,48710961858002E-0004  3,14832665114074E+0003  2,48710961858002E-0004  3,14832665114074E+0003  2,48710961858002E-0004  3,14832665114074E+0003
 2,21177825927734E+0001  3,85678249320598E-0005  2,31869288247135E+0003  3,85678249320598E-0005  2,31869288247135E+0003  3,85678249320598E-0005  2,31869288247135E+0003
 2,37561664581299E+0001 -1,46769738093887E-0004  1,74560751585427E+0003 -1,46769738093887E-0004  1,74560751585427E+0003 -1,46769738093887E-0004  1,74560751585427E+0003
 2,53945503234863E+0001  7,63795514833280E-0005  1,37391085879438E+0003  7,63795514833280E-0005  1,37391085879438E+0003  7,63795514833280E-0005  1,37391085879438E+0003
 2,78521251678467E+0001  2,25293912065671E-0004  1,93685247039376E+0003  2,25293912065671E-0004  1,93685247039376E+0003  2,25293912065671E-0004  1,93685247039376E+0003
 3,11288928985596E+0001 -2,13970399065956E-0004  1,25051340049364E+0003 -2,13970399065956E-0004  1,25051340049364E+0003 -2,13970399065956E-0004  1,25051340049364E+0003
 3,44056625366211E+0001 -5,20914392502564E-0005  1,97163198196474E+0003 -5,20914392502564E-0005  1,97163198196474E+0003 -5,20914392502564E-0005  1,97163198196474E+0003
 3,76824302673340E+0001 -8,29341301547900E-0005  1,20336241006141E+0003 -8,29341301547900E-0005  1,20336241006141E+0003 -8,29341301547900E-0005  1,20336241006141E+0003
 4,09591979980469E+0001 -1,91797456967847E-0005  2,62611953301966E+0003 -1,91797456967847E-0005  2,62611953301966E+0003 -1,91797456967847E-0005  2,62611953301966E+0003
 4,42359657287598E+0001 -1,41404153751301E-0004  1,90979857027742E+0003 -1,41404153751301E-0004  1,90979857027742E+0003 -1,41404153751301E-0004  1,90979857027742E+0003
 4,75127334594727E+0001 -9,43619201969766E-0005  1,98323640374940E+0003 -9,43619201969766E-0005  1,98323640374940E+0003 -9,43619201969766E-0005  1,98323640374940E+0003
 5,07895011901855E+0001 -1,54718476631624E-0005  2,34654892327003E+0003 -1,54718476631624E-0005  2,34654892327003E+0003 -1,54718476631624E-0005  2,34654892327003E+0003
 5,57046508789063E+0001  6,44657453456313E-0005  2,28211241974094E+0003  6,44657453456313E-0005  2,28211241974094E+0003  6,44657453456313E-0005  2,28211241974094E+0003
 6,22581863403320E+0001 -2,49818465363470E-0004  1,57179682182193E+0003 -2,49818465363470E-0004  1,57179682182193E+0003 -2,49818465363470E-0004  1,57179682182193E+0003
 6,88117218017578E+0001 -1,97896892317523E-0004  1,54952750781087E+0003 -1,97896892317523E-0004  1,54952750781087E+0003 -1,97896892317523E-0004  1,54952750781087E+0003
 7,53652572631836E+0001 -3,69102437731941E-0004  1,39725604585694E+0003 -3,69102437731941E-0004  1,39725604585694E+0003 -3,69102437731941E-0004  1,39725604585694E+0003
 8,19187927246094E+0001 -3,07437541367886E-0004  1,29198085389291E+0003 -3,07437541367886E-0004  1,29198085389291E+0003 -3,07437541367886E-0004  1,29198085389291E+0003
 8,84723281860352E+0001 -2,49858342499394E-0004  8,98117080073133E+0002 -2,49858342499394E-0004  8,98117080073133E+0002 -2,49858342499394E-0004  8,98117080073133E+0002
 9,50258636474609E+0001 -3,90513669331470E-0004  9,31387911687515E+0002 -3,90513669331470E-0004  9,31387911687515E+0002 -3,90513669331470E-0004  9,31387911687515E+0002
 1,01579399108886E+0002 -4,02910219843577E-0004  1,01273189361477E+0003 -4,02910219843577E-0004  1,01273189361477E+0003 -4,02910219843577E-0004  1,01273189361477E+0003
 1,11409706115722E+0002 -1,50699704877567E-0004  9,47465924733746E+0002 -1,50699704877567E-0004  9,47465924733746E+0002 -1,50699704877567E-0004  9,47465924733746E+0002
 1,24516777038574E+0002 -4,72833858396014E-0004  7,55472042675327E+0002 -4,72833858396014E-0004  7,55472042675327E+0002 -4,72833858396014E-0004  7,55472042675327E+0002
 1,37623840332031E+0002 -6,03160760666717E-0004  5,78712497716702E+0002 -6,03160760666717E-0004  5,78712497716702E+0002 -6,03160760666717E-0004  5,78712497716702E+0002
 1,50730911254883E+0002 -4,21928662825799E-0004  7,77681135589749E+0002 -4,21928662825799E-0004  7,77681135589749E+0002 -4,21928662825799E-0004  7,77681135589749E+0002
 1,63837982177734E+0002 -7,35092478430032E-0004  7,77531323221646E+0002 -7,35092478430032E-0004  7,77531323221646E+0002 -7,35092478430032E-0004  7,77531323221646E+0002
 1,76945053100586E+0002 -7,87084321837176E-0004  6,74898587582631E+0002 -7,87084321837176E-0004  6,74898587582631E+0002 -7,87084321837176E-0004  6,74898587582631E+0002
 1,90052124023438E+0002 -7,69135144418611E-0004  6,27873383492911E+0002 -7,69135144418611E-0004  6,27873383492911E+0002 -7,69135144418611E-0004  6,27873383492911E+0002
 2,03159194946289E+0002 -6,14596069350308E-0004  6,44466398480741E+0002 -6,14596069350308E-0004  6,44466398480741E+0002 -6,14596069350308E-0004  6,44466398480741E+0002
 2,22819808959961E+0002 -4,65262144617295E-0004  5,60413828579563E+0002 -4,65262144617295E-0004  5,60413828579563E+0002 -4,65262144617295E-0004  5,60413828579563E+0002
 2,49033950805664E+0002 -1,71122451020564E-0004  5,87161428509685E+0002 -1,71122451020564E-0004  5,87161428509685E+0002 -1,71122451020564E-0004  5,87161428509685E+0002
 2,75248077392578E+0002 -3,87295143639766E-0004  4,08961705149402E+0002 -3,87295143639766E-0004  4,08961705149402E+0002 -3,87295143639766E-0004  4,08961705149402E+0002
 3,01462219238281E+0002 -5,36682173449892E-0004  3,36225382516239E+0002 -5,36682173449892E-0004  3,36225382516239E+0002 -5,36682173449892E-0004  3,36225382516239E+0002
 3,27676361083984E+0002 -5,94092240407558E-0004  3,36902673111719E+0002 -5,94092240407558E-0004  3,36902673111719E+0002 -5,94092240407558E-0004  3,36902673111719E+0002
 3,53890502929687E+0002 -7,62886976597101E-0004  3,13606219287379E+0002 -7,62886976597101E-0004  3,13606219287379E+0002 -7,62886976597101E-0004  3,13606219287379E+0002
 3,80104644775391E+0002 -8,79056269883887E-0004  2,99467979344769E+0002 -8,79056269883887E-0004  2,99467979344769E+0002 -8,79056269883887E-0004  2,99467979344769E+0002
 4,06318786621094E+0002 -7,51783157147038E-0004  3,71242228600927E+0002 -7,51783157147038E-0004  3,71242228600927E+0002 -7,51783157147038E-0004  3,71242228600927E+0002
 4,45640014648438E+0002 -1,10931414677078E-0003  3,43971403776322E+0002 -1,10931414677078E-0003  3,43971403776322E+0002 -1,10931414677078E-0003  3,43971403776322E+0002
 4,98068298339844E+0002 -8,38326407464763E-0004  4,40960469945293E+0002 -8,38326407464763E-0004  4,40960469945293E+0002 -8,38326407464763E-0004  4,40960469945293E+0002
 5,50496582031250E+0002 -1,02862064285874E-0003  3,98299524415477E+0002 -1,02862064285874E-0003  3,98299524415477E+0002 -1,02862064285874E-0003  3,98299524415477E+0002
 6,02924865722656E+0002 -1,42332130251155E-0003  5,22081854796482E+0002 -1,42332130251155E-0003  5,22081854796482E+0002 -1,42332130251155E-0003  5,22081854796482E+0002
 6,55353149414062E+0002 -1,12274730848351E-0003  6,16167689888929E+0002 -1,12274730848351E-0003  6,16167689888929E+0002 -1,12274730848351E-0003  6,16167689888929E+0002
 7,07781433105469E+0002 -3,34642217826621E-0004  9,55933468152901E+0002 -3,34642217826621E-0004  9,55933468152901E+0002 -3,34642217826621E-0004  9,55933468152901E+0002
 7,60209716796875E+0002  7,50358117545461E-0004  8,53751519229278E+0002  7,50358117545461E-0004  8,53751519229278E+0002  7,50358117545461E-0004  8,53751519229278E+0002
 8,12638000488281E+0002  1,22195592039445E-0003  4,84266098803691E+0002  1,22195592039445E-0003  4,84266098803691E+0002  1,22195592039445E-0003  4,84266098803691E+0002
