 Corr.Time[ms]           Correlation(1->2+2->1)  Weighting(1->2+2->1)    Correlation(1->2)       Weighting(1->2)         Correlation(2->1)       Weighting(2->1)
 2,24996852921322E-0004  3,70019802778718E-0002  2,72270188189584E+0001  3,70019802778718E-0002  2,72270188189584E+0001  3,70019802778718E-0002  2,72270188189584E+0001
 2,74996156804264E-0004  8,30199231648920E-0003  3,28211419415201E+0001  8,30199231648920E-0003  3,28211419415201E+0001  8,30199231648920E-0003  3,28211419415201E+0001
 3,24995460687205E-0004  2,08987343268600E-0002  4,18614023589721E+0001  2,08987343268600E-0002  4,18614023589721E+0001  2,08987343268600E-0002  4,18614023589721E+0001
 3,74994764570147E-0004  1,40493073492373E-0002  3,04414712092402E+0001  1,40493073492373E-0002  3,04414712092402E+0001  1,40493073492373E-0002  3,04414712092402E+0001
 4,49993705842644E-0004  3,29819556686589E-0002  2,77006640234646E+0001  3,29819556686589E-0002  2,77006640234646E+0001  3,29819556686589E-0002  2,77006640234646E+0001
 5,49992313608527E-0004  9,80720684407856E-0003  9,83688539353829E+0001  9,80720684407856E-0003  9,83688539353829E+0001  9,80720684407856E-0003  9,83688539353829E+0001
 6,49990921374410E-0004 -1,89280147294184E-0003  2,95271947281397E+0001 -1,89280147294184E-0003  2,95271947281397E+0001 -1,89280147294184E-0003  2,95271947281397E+0001
 7,49989529140294E-0004  2,49150726416322E-0003  9,01243241589613E+0001  2,49150726416322E-0003  9,01243241589613E+0001  2,49150726416322E-0003  9,01243241589613E+0001
 8,49988136906177E-0004  1,22885624133649E-0002  8,02475507933291E+0001  1,22885624133649E-0002  8,02475507933291E+0001  1,22885624133649E-0002  8,02475507933291E+0001
 9,49986744672060E-0004 -1,48884088010779E-0003  4,23648426717321E+0001 -1,48884088010779E-0003  4,23648426717321E+0001 -1,48884088010779E-0003  4,23648426717321E+0001
 1,04998529423028E-0003 -9,59528575000939E-0003  3,65241242337856E+0001 -9,59528575000939E-0003  3,65241242337856E+0001 -9,59528575000939E-0003  3,65241242337856E+0001
 1,14998396020382E-0003  2,08319423940007E-0002  4,99863632385281E+0001  2,08319423940007E-0002  4,99863632385281E+0001  2,08319423940007E-0002  4,99863632385281E+0001
 1,29998184274882E-0003  1,20007743043665E-0002  9,23655217304780E+0001  1,20007743043665E-0002  9,23655217304780E+0001  1,20007743043665E-0002  9,23655217304780E+0001
 1,49997905828058E-0003 -3,51648876008599E-0003  9,21058022634650E+0001 -3,51648876008599E-0003  9,21058022634650E+0001 -3,51648876008599E-0003  9,21058022634650E+0001
 1,69997627381235E-0003  3,99730919207948E-0003  1,36979608733058E+0002  3,99730919207948E-0003  1,36979608733058E+0002  3,99730919207948E-0003  1,36979608733058E+0002
 1,89997348934412E-0003  1,04383731546938E-0002  8,13911458753200E+0001  1,04383731546938E-0002  8,13911458753200E+0001  1,04383731546938E-0002  8,13911458753200E+0001
 2,09997058846056E-0003 -3,89355587786694E-0003  8,75323706491593E+0001 -3,89355587786694E-0003  8,75323706491593E+0001 -3,89355587786694E-0003  8,75323706491593E+0001
 2,29996792040765E-0003  8,65860918681293E-0003  1,12120079564155E+0002  8,65860918681293E-0003  1,12120079564155E+0002  8,65860918681293E-0003  1,12120079564155E+0002
 2,49996501952410E-0003 -6,08084451394803E-0003  6,53275080997802E+0001 -6,08084451394803E-0003  6,53275080997802E+0001 -6,08084451394803E-0003  6,53275080997802E+0001
 2,69996235147119E-0003 -3,89364096956238E-0004  5,44247140404233E+0001 -3,89364096956238E-0004  5,44247140404233E+0001 -3,89364096956238E-0004  5,44247140404233E+0001
 2,99995811656117E-0003 -1,02503230583539E-0003  9,19873863714017E+0001 -1,02503230583539E-0003  9,19873863714017E+0001 -1,02503230583539E-0003  9,19873863714017E+0001
 3,39995254762471E-0003  4,17718005425005E-0003  1,01782049845790E+0002  4,17718005425005E-0003  1,01782049845790E+0002  4,17718005425005E-0003  1,01782049845790E+0002
 3,79994697868824E-0003 -1,65128266227048E-0005  1,64682231172281E+0002 -1,65128266227048E-0005  1,64682231172281E+0002 -1,65128266227048E-0005  1,64682231172281E+0002
 4,19994117692113E-0003 -8,73013149613980E-0003  1,67230804164285E+0002 -8,73013149613980E-0003  1,67230804164285E+0002 -8,73013149613980E-0003  1,67230804164285E+0002
 4,59993584081531E-0003  9,31555028266114E-0003  1,17585087695443E+0002  9,31555028266114E-0003  1,17585087695443E+0002  9,31555028266114E-0003  1,17585087695443E+0002
 4,99993003904820E-0003 -3,66075187442623E-0005  1,26998112655083E+0002 -3,66075187442623E-0005  1,26998112655083E+0002 -3,66075187442623E-0005  1,26998112655083E+0002
 5,39992470294237E-0003  7,78034679880039E-0003  1,41432360406792E+0002  7,78034679880039E-0003  1,41432360406792E+0002  7,78034679880039E-0003  1,41432360406792E+0002
 5,79991890117526E-0003  9,55444011153647E-0005  7,40091874605391E+0001  9,55444011153647E-0005  7,40091874605391E+0001  9,55444011153647E-0005  7,40091874605391E+0001
 6,39991043135524E-0003  5,65275962699320E-0003  1,19915974914027E+0002  5,65275962699320E-0003  1,19915974914027E+0002  5,65275962699320E-0003  1,19915974914027E+0002
 7,19989929348230E-0003  1,01205166822733E-0002  9,83922912838723E+0001  1,01205166822733E-0002  9,83922912838723E+0001  1,01205166822733E-0002  9,83922912838723E+0001
 7,99988862127066E-0003  6,11015937700068E-0004  1,91212407948288E+0002  6,11015937700068E-0004  1,91212407948288E+0002  6,11015937700068E-0004  1,91212407948288E+0002
 8,79987701773644E-0003  2,15414152419666E-0003  3,10042793398721E+0002  2,15414152419666E-0003  3,10042793398721E+0002  2,15414152419666E-0003  3,10042793398721E+0002
 9,59986634552479E-0003  1,18676282997668E-0002  1,85857428581977E+0002  1,18676282997668E-0002  1,85857428581977E+0002  1,18676282997668E-0002  1,85857428581977E+0002
 1,03998547419905E-0002  1,28368435744429E-0002  1,71804825158575E+0002  1,28368435744429E-0002  1,71804825158575E+0002  1,28368435744429E-0002  1,71804825158575E+0002
 1,11998440697789E-0002 -2,77165521345989E-0003  9,16789072858278E+0001 -2,77165521345989E-0003  9,16789072858278E+0001 -2,77165521345989E-0003  9,16789072858278E+0001
 1,19998324662447E-0002  1,69756140061783E-0002  1,16056256395518E+0002  1,69756140061783E-0002  1,16056256395518E+0002  1,69756140061783E-0002  1,16056256395518E+0002
 1,31998155266046E-0002  7,39631764966878E-0003  1,71390904949399E+0002  7,39631764966878E-0003  1,71390904949399E+0002  7,39631764966878E-0003  1,71390904949399E+0002
 1,47997932508587E-0002  6,95092831799956E-0003  3,28794883122624E+0002  6,95092831799956E-0003  3,28794883122624E+0002  6,95092831799956E-0003  3,28794883122624E+0002
 1,63997709751129E-0002  3,32647687452543E-0003  1,81615620315522E+0002  3,32647687452543E-0003  1,81615620315522E+0002  3,32647687452543E-0003  1,81615620315522E+0002
 1,79997477680445E-0002 -1,00369425079501E-0002  1,97166826956126E+0002 -1,00369425079501E-0002  1,97166826956126E+0002 -1,00369425079501E-0002  1,97166826956126E+0002
 1,95997264236212E-0002  1,06154335271910E-0003  2,61332824524007E+0002  1,06154335271910E-0003  2,61332824524007E+0002  1,06154335271910E-0003  2,61332824524007E+0002
 2,11997032165527E-0002  5,29072152046089E-0003  1,89770023192123E+0002  5,29072152046089E-0003  1,89770023192123E+0002  5,29072152046089E-0003  1,89770023192123E+0002
 2,27996818721294E-0002  3,48711356026620E-0003  2,52018759223999E+0002  3,48711356026620E-0003  2,52018759223999E+0002  3,48711356026620E-0003  2,52018759223999E+0002
 2,43996586650610E-0002  6,59725503336119E-0003  3,29542314553926E+0002  6,59725503336119E-0003  3,29542314553926E+0002  6,59725503336119E-0003  3,29542314553926E+0002
 2,67996266484261E-0002  2,01948098206114E-0003  3,54501663959658E+0002  2,01948098206114E-0003  3,54501663959658E+0002  2,01948098206114E-0003  3,54501663959658E+0002
 2,99995802342892E-0002  2,71844261830522E-0003  3,51927179594829E+0002  2,71844261830522E-0003  3,51927179594829E+0002  2,71844261830522E-0003  3,51927179594829E+0002
 3,31995375454426E-0002  5,44783463697916E-0003  4,46373981661980E+0002  5,44783463697916E-0003  4,46373981661980E+0002  5,44783463697916E-0003  4,46373981661980E+0002
 3,63994911313057E-0002  3,74592168877789E-0003  4,15958943871055E+0002  3,74592168877789E-0003  4,15958943871055E+0002  3,74592168877789E-0003  4,15958943871055E+0002
 3,95994484424591E-0002  3,63210661189219E-0003  1,98397443352985E+0002  3,63210661189219E-0003  1,98397443352985E+0002  3,63210661189219E-0003  1,98397443352985E+0002
 4,27994020283222E-0002  3,80630366691988E-0003  1,71623899357608E+0002  3,80630366691988E-0003  1,71623899357608E+0002  3,80630366691988E-0003  1,71623899357608E+0002
 4,59993593394756E-0002  6,69655426703899E-0003  1,88144656571984E+0002  6,69655426703899E-0003  1,88144656571984E+0002  6,69655426703899E-0003  1,88144656571984E+0002
 4,91993129253387E-0002  4,93242293847049E-0003  4,59462947431108E+0002  4,93242293847049E-0003  4,59462947431108E+0002  4,93242293847049E-0003  4,59462947431108E+0002
 5,39992451667786E-0002  5,98702103390456E-0003  2,66710647326627E+0002  5,98702103390456E-0003  2,66710647326627E+0002  5,98702103390456E-0003  2,66710647326627E+0002
 6,03991560637951E-0002  2,54270612967048E-0003  4,30673634604844E+0002  2,54270612967048E-0003  4,30673634604844E+0002  2,54270612967048E-0003  4,30673634604844E+0002
 6,67990669608116E-0002  6,54511381715534E-0003  1,70048690891972E+0002  6,54511381715534E-0003  1,70048690891972E+0002  6,54511381715534E-0003  1,70048690891972E+0002
 7,31989815831184E-0002  1,78811416876780E-0003  4,87850927971604E+0002  1,78811416876780E-0003  4,87850927971604E+0002  1,78811416876780E-0003  4,87850927971604E+0002
 7,95988887548447E-0002  9,67174613322072E-0004  6,03413499923776E+0002  9,67174613322072E-0004  6,03413499923776E+0002  9,67174613322072E-0004  6,03413499923776E+0002
 8,59987959265709E-0002  4,31966706690310E-0003  6,07394005373741E+0002  4,31966706690310E-0003  6,07394005373741E+0002  4,31966706690310E-0003  6,07394005373741E+0002
 9,23987105488777E-0002  5,20672037857118E-0003  2,44510134100733E+0002  5,20672037857118E-0003  2,44510134100733E+0002  5,20672037857118E-0003  2,44510134100733E+0002
 9,87986177206039E-0002  2,67517144619353E-0003  4,34841097433100E+0002  2,67517144619353E-0003  4,34841097433100E+0002  2,67517144619353E-0003  4,34841097433100E+0002
 1,08398489654064E-0001  5,21700625544607E-0003  8,86611080312547E+0002  5,21700625544607E-0003  8,86611080312547E+0002  5,21700625544607E-0003  8,86611080312547E+0002
 1,21198311448097E-0001  2,89210809022853E-0003  1,08808713858987E+0003  2,89210809022853E-0003  1,08808713858987E+0003  2,89210809022853E-0003  1,08808713858987E+0003
 1,33998125791550E-0001  1,31391765826434E-0003  5,66321432389281E+0002  1,31391765826434E-0003  5,66321432389281E+0002  1,31391765826434E-0003  5,66321432389281E+0002
 1,46797955036163E-0001  4,55549284325430E-0003  3,27064035335125E+0002  4,55549284325430E-0003  3,27064035335125E+0002  4,55549284325430E-0003  3,27064035335125E+0002
 1,59597769379616E-0001  2,68432754873315E-0003  8,07925733301783E+0002  2,68432754873315E-0003  8,07925733301783E+0002  2,68432754873315E-0003  8,07925733301783E+0002
 1,72397598624229E-0001  1,64830024703647E-0003  5,94639844191041E+0002  1,64830024703647E-0003  5,94639844191041E+0002  1,64830024703647E-0003  5,94639844191041E+0002
 1,85197412967682E-0001  3,28820492655575E-0003  6,55204491403368E+0002  3,28820492655575E-0003  6,55204491403368E+0002  3,28820492655575E-0003  6,55204491403368E+0002
 1,97997242212296E-0001  2,40745275962207E-0003  3,72703690713649E+0002  2,40745275962207E-0003  3,72703690713649E+0002  2,40745275962207E-0003  3,72703690713649E+0002
 2,17196971178055E-0001  2,23198010154709E-0003  5,73455133912846E+0002  2,23198010154709E-0003  5,73455133912846E+0002  2,23198010154709E-0003  5,73455133912846E+0002
 2,42796614766121E-0001  2,55827290267358E-0003  8,46351744265359E+0002  2,55827290267358E-0003  8,46351744265359E+0002  2,55827290267358E-0003  8,46351744265359E+0002
 2,68396258354187E-0001  1,86811790154345E-0003  9,32096658561557E+0002  1,86811790154345E-0003  9,32096658561557E+0002  1,86811790154345E-0003  9,32096658561557E+0002
 2,93995887041092E-0001  1,80407465615994E-0003  8,65207910835067E+0002  1,80407465615994E-0003  8,65207910835067E+0002  1,80407465615994E-0003  8,65207910835067E+0002
 3,19595545530319E-0001  2,03807667410891E-0003  8,85690964484730E+0002  2,03807667410891E-0003  8,85690964484730E+0002  2,03807667410891E-0003  8,85690964484730E+0002
 3,45195174217224E-0001  2,04234788895098E-0003  8,66295373962305E+0002  2,04234788895098E-0003  8,66295373962305E+0002  2,04234788895098E-0003  8,66295373962305E+0002
 3,70794832706451E-0001  1,76191602665635E-0003  7,89139231103981E+0002  1,76191602665635E-0003  7,89139231103981E+0002  1,76191602665635E-0003  7,89139231103981E+0002
 3,96394461393356E-0001  1,30047445580437E-0003  9,24074408032274E+0002  1,30047445580437E-0003  9,24074408032274E+0002  1,30047445580437E-0003  9,24074408032274E+0002
 4,34793919324875E-0001  2,02356637131489E-0003  7,06040614773373E+0002  2,02356637131489E-0003  7,06040614773373E+0002  2,02356637131489E-0003  7,06040614773373E+0002
 4,85993206501007E-0001  7,70172917742182E-0004  9,66476195381588E+0002  7,70172917742182E-0004  9,66476195381588E+0002  7,70172917742182E-0004  9,66476195381588E+0002
 5,37192523479462E-0001  7,46300256557502E-0004  1,46568812971287E+0003  7,46300256557502E-0004  1,46568812971287E+0003  7,46300256557502E-0004  1,46568812971287E+0003
 5,88391780853271E-0001  1,05784226282191E-0003  1,49689557430148E+0003  1,05784226282191E-0003  1,49689557430148E+0003  1,05784226282191E-0003  1,49689557430148E+0003
 6,39591097831726E-0001  1,49570385224746E-0003  1,64920345210779E+0003  1,49570385224746E-0003  1,64920345210779E+0003  1,49570385224746E-0003  1,64920345210779E+0003
 6,90790355205536E-0001  1,94965063276059E-0003  1,45779661061348E+0003  1,94965063276059E-0003  1,45779661061348E+0003  1,94965063276059E-0003  1,45779661061348E+0003
 7,41989612579346E-0001  9,06974471851625E-0004  1,15874920105521E+0003  9,06974471851625E-0004  1,15874920105521E+0003  9,06974471851625E-0004  1,15874920105521E+0003
 7,93188929557800E-0001  1,66886670243325E-0003  1,11170047416243E+0003  1,66886670243325E-0003  1,11170047416243E+0003  1,66886670243325E-0003  1,11170047416243E+0003
 8,69987845420837E-0001  2,06150706924578E-0003  1,48852395002917E+0003  2,06150706924578E-0003  1,48852395002917E+0003  2,06150706924578E-0003  1,48852395002917E+0003
 9,72386419773102E-0001  9,92564604196191E-0004  1,99590717169175E+0003  9,92564604196191E-0004  1,99590717169175E+0003  9,92564604196191E-0004  1,99590717169175E+0003
 1,07478499412537E+0000  1,22663225674316E-0003  1,60169253971010E+0003  1,22663225674316E-0003  1,60169253971010E+0003  1,22663225674316E-0003  1,60169253971010E+0003
 1,17718350887299E+0000  6,44485957983002E-0004  2,63432970478561E+0003  6,44485957983002E-0004  2,63432970478561E+0003  6,44485957983002E-0004  2,63432970478561E+0003
 1,27958214282990E+0000  1,75610205132746E-0003  1,23985996857653E+0003  1,75610205132746E-0003  1,23985996857653E+0003  1,75610205132746E-0003  1,23985996857653E+0003
 1,38198065757751E+0000  6,50456124890359E-0004  1,48207940524550E+0003  6,50456124890359E-0004  1,48207940524550E+0003  6,50456124890359E-0004  1,48207940524550E+0003
 1,48437929153442E+0000  1,75530253030650E-0004  1,63506697739786E+0003  1,75530253030650E-0004  1,63506697739786E+0003  1,75530253030650E-0004  1,63506697739786E+0003
 1,58677780628204E+0000  8,22144091902252E-0004  1,62209816525509E+0003  8,22144091902252E-0004  1,62209816525509E+0003  8,22144091902252E-0004  1,62209816525509E+0003
 1,74037575721741E+0000  1,21567493444745E-0003  1,86714151723714E+0003  1,21567493444745E-0003  1,86714151723714E+0003  1,21567493444745E-0003  1,86714151723714E+0003
 1,94517278671265E+0000  8,92726765157175E-0004  2,09851828458925E+0003  8,92726765157175E-0004  2,09851828458925E+0003  8,92726765157175E-0004  2,09851828458925E+0003
 2,14997005462646E+0000  2,90395556586337E-0005  1,69802644508361E+0003  2,90395556586337E-0005  1,69802644508361E+0003  2,90395556586337E-0005  1,69802644508361E+0003
 2,35476708412170E+0000  1,19636150712579E-0004  1,66105490893229E+0003  1,19636150712579E-0004  1,66105490893229E+0003  1,19636150712579E-0004  1,66105490893229E+0003
 2,55956435203552E+0000  1,05748844100797E-0003  1,31896653652574E+0003  1,05748844100797E-0003  1,31896653652574E+0003  1,05748844100797E-0003  1,31896653652574E+0003
 2,76436138153076E+0000  1,50847875115689E-0004  1,25555480934680E+0003  1,50847875115689E-0004  1,25555480934680E+0003  1,50847875115689E-0004  1,25555480934680E+0003
 2,96915864944458E+0000  5,03293630417109E-0004  2,69472309213262E+0003  5,03293630417109E-0004  2,69472309213262E+0003  5,03293630417109E-0004  2,69472309213262E+0003
 3,17395567893982E+0000  5,46345415037129E-0004  3,30956947936894E+0003  5,46345415037129E-0004  3,30956947936894E+0003  5,46345415037129E-0004  3,30956947936894E+0003
 3,48115134239197E+0000  1,49888488723895E-0004  7,76996971583617E+0003  1,49888488723895E-0004  7,76996971583617E+0003  1,49888488723895E-0004  7,76996971583617E+0003
 3,89074563980103E+0000  5,02256485233021E-0004  2,78344305817583E+0003  5,02256485233021E-0004  2,78344305817583E+0003  5,02256485233021E-0004  2,78344305817583E+0003
 4,30034017562866E+0000  1,16509373972108E-0004  2,21137734775934E+0003  1,16509373972108E-0004  2,21137734775934E+0003  1,16509373972108E-0004  2,21137734775934E+0003
 4,70993423461914E+0000  3,19714643963299E-0004  3,28675278667848E+0003  3,19714643963299E-0004  3,28675278667848E+0003  3,19714643963299E-0004  3,28675278667848E+0003
 5,11952829360962E+0000  2,11639070145226E-0004  1,99512693505994E+0003  2,11639070145226E-0004  1,99512693505994E+0003  2,11639070145226E-0004  1,99512693505994E+0003
 5,52912282943726E+0000 -8,21967455033375E-0005  3,59806593319613E+0003 -8,21967455033375E-0005  3,59806593319613E+0003 -8,21967455033375E-0005  3,59806593319613E+0003
 5,93871688842773E+0000  1,22781936272340E-0004  4,39151536136962E+0003  1,22781936272340E-0004  4,39151536136962E+0003  1,22781936272340E-0004  4,39151536136962E+0003
 6,34831142425537E+0000  4,13378542970929E-0005  2,85013006535252E+0003  4,13378542970929E-0005  2,85013006535252E+0003  4,13378542970929E-0005  2,85013006535252E+0003
 6,96270275115967E+0000 -1,50984791478317E-0005  4,50422711828549E+0003 -1,50984791478317E-0005  4,50422711828549E+0003 -1,50984791478317E-0005  4,50422711828549E+0003
 7,78189134597778E+0000 -2,94071456770653E-0004  4,29806312369945E+0003 -2,94071456770653E-0004  4,29806312369945E+0003 -2,94071456770653E-0004  4,29806312369945E+0003
 8,60107994079590E+0000 -1,28076113407984E-0004  2,44958959866900E+0003 -1,28076113407984E-0004  2,44958959866900E+0003 -1,28076113407984E-0004  2,44958959866900E+0003
 9,42026805877686E+0000 -2,61105723663808E-0004  3,24125385277046E+0003 -2,61105723663808E-0004  3,24125385277046E+0003 -2,61105723663808E-0004  3,24125385277046E+0003
 1,02394571304321E+0001 -1,01164913907326E-0004  4,70094748576918E+0003 -1,01164913907326E-0004  4,70094748576918E+0003 -1,01164913907326E-0004  4,70094748576918E+0003
 1,10586452484130E+0001 -3,07719225720324E-0004  2,16859982316662E+0003 -3,07719225720324E-0004  2,16859982316662E+0003 -3,07719225720324E-0004  2,16859982316662E+0003
 1,18778343200683E+0001 -2,84129631836039E-0006  5,01890838939210E+0003 -2,84129631836039E-0006  5,01890838939210E+0003 -2,84129631836039E-0006  5,01890838939210E+0003
 1,26970224380493E+0001 -1,88790908005898E-0004  5,13482624903102E+0003 -1,88790908005898E-0004  5,13482624903102E+0003 -1,88790908005898E-0004  5,13482624903102E+0003
 1,39258050918579E+0001 -2,73247692508679E-0004  5,66665014146367E+0003 -2,73247692508679E-0004  5,66665014146367E+0003 -2,73247692508679E-0004  5,66665014146367E+0003
 1,55641822814941E+0001 -2,25978823222319E-0004  7,47347635929684E+0003 -2,25978823222319E-0004  7,47347635929684E+0003 -2,25978823222319E-0004  7,47347635929684E+0003
 1,72025604248047E+0001 -4,01283847748567E-0004  5,14934621321297E+0003 -4,01283847748567E-0004  5,14934621321297E+0003 -4,01283847748567E-0004  5,14934621321297E+0003
 1,88409366607666E+0001 -2,05600293524396E-0004  7,76319148300914E+0003 -2,05600293524396E-0004  7,76319148300914E+0003 -2,05600293524396E-0004  7,76319148300914E+0003
 2,04793148040771E+0001 -2,94979934926111E-0004  5,72991032712316E+0003 -2,94979934926111E-0004  5,72991032712316E+0003 -2,94979934926111E-0004  5,72991032712316E+0003
 2,21176910400391E+0001 -3,65507827885044E-0004  2,32341390220513E+0003 -3,65507827885044E-0004  2,32341390220513E+0003 -3,65507827885044E-0004  2,32341390220513E+0003
 2,37560691833496E+0001 -3,28123665854292E-0004  2,47550122829254E+0003 -3,28123665854292E-0004  2,47550122829254E+0003 -3,28123665854292E-0004  2,47550122829254E+0003
 2,53944454193115E+0001 -2,62778911416551E-0004  2,45234611941404E+0003 -2,62778911416551E-0004  2,45234611941404E+0003 -2,62778911416551E-0004  2,45234611941404E+0003
 2,78520107269287E+0001 -2,46830480493989E-0004  4,00679797882973E+0003 -2,46830480493989E-0004  4,00679797882973E+0003 -2,46830480493989E-0004  4,00679797882973E+0003
 3,11287651062012E+0001 -2,62268059130852E-0004  2,96252171978878E+0003 -2,62268059130852E-0004  2,96252171978878E+0003 -2,62268059130852E-0004  2,96252171978878E+0003
 3,44055213928223E+0001 -3,30250965802137E-0004  2,51957755647300E+0003 -3,30250965802137E-0004  2,51957755647300E+0003 -3,30250965802137E-0004  2,51957755647300E+0003
 3,76822738647461E+0001 -3,64878328521955E-0004  2,07651574884011E+0003 -3,64878328521955E-0004  2,07651574884011E+0003 -3,64878328521955E-0004  2,07651574884011E+0003
 4,09590263366699E+0001 -2,50436216533647E-0004  2,43945963718766E+0003 -2,50436216533647E-0004  2,43945963718766E+0003 -2,50436216533647E-0004  2,43945963718766E+0003
 4,42357826232910E+0001 -1,72235390651795E-0004  2,49783589360819E+0003 -1,72235390651795E-0004  2,49783589360819E+0003 -1,72235390651795E-0004  2,49783589360819E+0003
 4,75125350952148E+0001 -3,76234154788341E-0004  2,67427492500006E+0003 -3,76234154788341E-0004  2,67427492500006E+0003 -3,76234154788341E-0004  2,67427492500006E+0003
 5,07892913818359E+0001 -4,60936278008995E-0004  2,78946784004992E+0003 -4,60936278008995E-0004  2,78946784004992E+0003 -4,60936278008995E-0004  2,78946784004992E+0003
 5,57044219970703E+0001 -2,13501115695388E-0004  4,09720450355231E+0003 -2,13501115695388E-0004  4,09720450355231E+0003 -2,13501115695388E-0004  4,09720450355231E+0003
 6,22579307556152E+0001 -1,87350300086665E-0004  3,71313143772031E+0003 -1,87350300086665E-0004  3,71313143772031E+0003 -1,87350300086665E-0004  3,71313143772031E+0003
 6,88114395141602E+0001 -1,07549317976954E-0004  4,45637177038387E+0003 -1,07549317976954E-0004  4,45637177038387E+0003 -1,07549317976954E-0004  4,45637177038387E+0003
 7,53649444580078E+0001 -1,12734225922225E-0004  3,03388145301745E+0003 -1,12734225922225E-0004  3,03388145301745E+0003 -1,12734225922225E-0004  3,03388145301745E+0003
 8,19184570312500E+0001  1,93218617542838E-0005  2,93609586619474E+0003  1,93218617542838E-0005  2,93609586619474E+0003  1,93218617542838E-0005  2,93609586619474E+0003
 8,84719619750977E+0001 -3,49253489524677E-0004  3,77271064949178E+0003 -3,49253489524677E-0004  3,77271064949178E+0003 -3,49253489524677E-0004  3,77271064949178E+0003
 9,50254745483398E+0001 -2,81858546261466E-0004  2,48385796250546E+0003 -2,81858546261466E-0004  2,48385796250546E+0003 -2,81858546261466E-0004  2,48385796250546E+0003
 1,01578979492187E+0002 -3,22092400577257E-0004  2,03546685952926E+0003 -3,22092400577257E-0004  2,03546685952926E+0003 -3,22092400577257E-0004  2,03546685952926E+0003
 1,11409240722656E+0002 -5,47217437352542E-0004  2,00818233378235E+0003 -5,47217437352542E-0004  2,00818233378235E+0003 -5,47217437352542E-0004  2,00818233378235E+0003
 1,24516258239746E+0002 -4,07145954661689E-0004  1,81136294903972E+0003 -4,07145954661689E-0004  1,81136294903972E+0003 -4,07145954661689E-0004  1,81136294903972E+0003
 1,37623275756836E+0002 -2,98259108703668E-0004  1,71966959656407E+0003 -2,98259108703668E-0004  1,71966959656407E+0003 -2,98259108703668E-0004  1,71966959656407E+0003
 1,50730300903320E+0002 -1,72145277305620E-0004  1,49669911137740E+0003 -1,72145277305620E-0004  1,49669911137740E+0003 -1,72145277305620E-0004  1,49669911137740E+0003
 1,63837310791016E+0002 -4,12472213536819E-0004  1,51690429545432E+0003 -4,12472213536819E-0004  1,51690429545432E+0003 -4,12472213536819E-0004  1,51690429545432E+0003
 1,76944335937500E+0002 -1,71077280277298E-0004  1,22981135529335E+0003 -1,71077280277298E-0004  1,22981135529335E+0003 -1,71077280277298E-0004  1,22981135529335E+0003
 1,90051345825195E+0002  3,21347767018184E-0005  1,14927481936620E+0003  3,21347767018184E-0005  1,14927481936620E+0003  3,21347767018184E-0005  1,14927481936620E+0003
 2,03158370971680E+0002 -3,18798121991589E-0004  1,07975544195309E+0003 -3,18798121991589E-0004  1,07975544195309E+0003 -3,18798121991589E-0004  1,07975544195309E+0003
 2,22818893432617E+0002 -2,60718956563772E-0004  8,14393335108407E+0002 -2,60718956563772E-0004  8,14393335108407E+0002 -2,60718956563772E-0004  8,14393335108407E+0002
 2,49032928466797E+0002 -3,29888851608652E-0004  7,12290805142145E+0002 -3,29888851608652E-0004  7,12290805142145E+0002 -3,29888851608652E-0004  7,12290805142145E+0002
 2,75246948242187E+0002 -2,17865097567674E-0004  6,60871137179286E+0002 -2,17865097567674E-0004  6,60871137179286E+0002 -2,17865097567674E-0004  6,60871137179286E+0002
 3,01460998535156E+0002 -4,91811858532084E-0004  7,75081412145714E+0002 -4,91811858532084E-0004  7,75081412145714E+0002 -4,91811858532084E-0004  7,75081412145714E+0002
 3,27675018310547E+0002 -4,22019136290679E-0004  7,16221754527949E+0002 -4,22019136290679E-0004  7,16221754527949E+0002 -4,22019136290679E-0004  7,16221754527949E+0002
 3,53889068603516E+0002 -5,58257912296868E-0004  7,64323610911423E+0002 -5,58257912296868E-0004  7,64323610911423E+0002 -5,58257912296868E-0004  7,64323610911423E+0002
 3,80103088378906E+0002 -3,40421418547931E-0004  6,75813743148221E+0002 -3,40421418547931E-0004  6,75813743148221E+0002 -3,40421418547931E-0004  6,75813743148221E+0002
 4,06317138671875E+0002  2,55129640934135E-0005  6,65005770442916E+0002  2,55129640934135E-0005  6,65005770442916E+0002  2,55129640934135E-0005  6,65005770442916E+0002
 4,45638183593750E+0002  3,54096988782736E-0005  6,57972263137180E+0002  3,54096988782736E-0005  6,57972263137180E+0002  3,54096988782736E-0005  6,57972263137180E+0002
 4,98066253662109E+0002  1,07120328494563E-0004  5,71682947331316E+0002  1,07120328494563E-0004  5,71682947331316E+0002  1,07120328494563E-0004  5,71682947331316E+0002
 5,50494323730469E+0002  5,61235667127116E-0005  5,77013298421819E+0002  5,61235667127116E-0005  5,77013298421819E+0002  5,61235667127116E-0005  5,77013298421819E+0002
 6,02922363281250E+0002 -2,52021086548222E-0004  7,45714902561061E+0002 -2,52021086548222E-0004  7,45714902561061E+0002 -2,52021086548222E-0004  7,45714902561061E+0002
 6,55350463867187E+0002 -1,66370813017390E-0004  7,37648954178531E+0002 -1,66370813017390E-0004  7,37648954178531E+0002 -1,66370813017390E-0004  7,37648954178531E+0002
 7,07778503417969E+0002 -1,93104172404278E-0004  7,00807475798327E+0002 -1,93104172404278E-0004  7,00807475798327E+0002 -1,93104172404278E-0004  7,00807475798327E+0002
 7,60206604003906E+0002 -1,49992338662365E-0004  7,58591796092412E+0002 -1,49992338662365E-0004  7,58591796092412E+0002 -1,49992338662365E-0004  7,58591796092412E+0002
 8,12634643554687E+0002 -4,53740130051565E-0004  1,21143150239514E+0003 -4,53740130051565E-0004  1,21143150239514E+0003 -4,53740130051565E-0004  1,21143150239514E+0003
