 Corr.Time[ms]           Correlation(1->2+2->1)  Weighting(1->2+2->1)    Correlation(1->2)       Weighting(1->2)         Correlation(2->1)       Weighting(2->1)
 2,24994830205105E-0004  3,21757031284235E-0002  2,62220067001583E+0001  3,21757031284235E-0002  2,62220067001583E+0001  3,21757031284235E-0002  2,62220067001583E+0001
 2,74993682978675E-0004  5,21875582348889E-0002  3,72005756893990E+0001  5,21875582348889E-0002  3,72005756893990E+0001  5,21875582348889E-0002  3,72005756893990E+0001
 3,24992550304160E-0004 -1,64912996682681E-0002  3,31963709729870E+0001 -1,64912996682681E-0002  3,31963709729870E+0001 -1,64912996682681E-0002  3,31963709729870E+0001
 3,74991388525814E-0004 -7,28562887476076E-0003  2,94319172942001E+0001 -7,28562887476076E-0003  2,94319172942001E+0001 -7,28562887476076E-0003  2,94319172942001E+0001
 4,49989660410210E-0004  8,18906571313114E-0003  5,45228830312871E+0001  8,18906571313114E-0003  5,45228830312871E+0001  8,18906571313114E-0003  5,45228830312871E+0001
 5,49987365957350E-0004  3,50270432605760E-0003  4,19152266610300E+0001  3,50270432605760E-0003  4,19152266610300E+0001  3,50270432605760E-0003  4,19152266610300E+0001
 6,49985100608319E-0004 -1,86795319691443E-0002  5,26412310792824E+0001 -1,86795319691443E-0002  5,26412310792824E+0001 -1,86795319691443E-0002  5,26412310792824E+0001
 7,49982777051628E-0004 -1,44983093600977E-0002  4,07032481173956E+0001 -1,44983093600977E-0002  4,07032481173956E+0001 -1,44983093600977E-0002  4,07032481173956E+0001
 8,49980453494936E-0004 -4,98131601644617E-0003  7,49501123318620E+0001 -4,98131601644617E-0003  7,49501123318620E+0001 -4,98131601644617E-0003  7,49501123318620E+0001
 9,49978188145906E-0004  1,90191163796494E-0002  7,04430482023841E+0001  1,90191163796494E-0002  7,04430482023841E+0001  1,90191163796494E-0002  7,04430482023841E+0001
 1,04997586458921E-0003  2,89019480425698E-0003  6,48415244980849E+0001  2,89019480425698E-0003  6,48415244980849E+0001  2,89019480425698E-0003  6,48415244980849E+0001
 1,14997359924018E-0003  2,24303979675019E-0002  3,75291954329267E+0001  2,24303979675019E-0002  3,75291954329267E+0001  2,24303979675019E-0002  3,75291954329267E+0001
 1,29997020121663E-0003 -1,07049063049686E-0002  5,82778315970086E+0001 -1,07049063049686E-0002  5,82778315970086E+0001 -1,07049063049686E-0002  5,82778315970086E+0001
 1,49996555410325E-0003  8,83103881057602E-0003  6,84153448186098E+0001  8,83103881057602E-0003  6,84153448186098E+0001  8,83103881057602E-0003  6,84153448186098E+0001
 1,69996090698987E-0003  6,20382039022674E-0003  7,54969154175782E+0001  6,20382039022674E-0003  7,54969154175782E+0001  6,20382039022674E-0003  7,54969154175782E+0001
 1,89995637629181E-0003  3,72760203071789E-0003  7,45548201270434E+0001  3,72760203071789E-0003  7,45548201270434E+0001  3,72760203071789E-0003  7,45548201270434E+0001
 2,09995172917843E-0003 -3,92563104834499E-0003  5,48654416482400E+0001 -3,92563104834499E-0003  5,48654416482400E+0001 -3,92563104834499E-0003  5,48654416482400E+0001
 2,29994719848037E-0003 -7,78078440663102E-0003  5,77318064098295E+0001 -7,78078440663102E-0003  5,77318064098295E+0001 -7,78078440663102E-0003  5,77318064098295E+0001
 2,49994266778231E-0003  1,12704472484454E-0002  1,03165499094849E+0002  1,12704472484454E-0002  1,03165499094849E+0002  1,12704472484454E-0002  1,03165499094849E+0002
 2,69993790425360E-0003  2,51392395364029E-0002  6,55579592572387E+0001  2,51392395364029E-0002  6,55579592572387E+0001  2,51392395364029E-0002  6,55579592572387E+0001
 2,99993110820651E-0003  9,97038333170827E-0003  7,40078148724577E+0001  9,97038333170827E-0003  7,40078148724577E+0001  9,97038333170827E-0003  7,40078148724577E+0001
 3,39992181397974E-0003  3,54218951420985E-0003  9,19127063113594E+0001  3,54218951420985E-0003  9,19127063113594E+0001  3,54218951420985E-0003  9,19127063113594E+0001
 3,79991275258362E-0003  4,99214205456353E-0003  1,79927552720748E+0002  4,99214205456353E-0003  1,79927552720748E+0002  4,99214205456353E-0003  1,79927552720748E+0002
 4,19990345835686E-0003  6,43899649748133E-0003  1,11492247731433E+0002  6,43899649748133E-0003  1,11492247731433E+0002  6,43899649748133E-0003  1,11492247731433E+0002
 4,59989439696074E-0003  4,29423734351832E-0003  1,04926419925485E+0002  4,29423734351832E-0003  1,04926419925485E+0002  4,29423734351832E-0003  1,04926419925485E+0002
 4,99988533556461E-0003  2,23227889893805E-0002  8,28848327003285E+0001  2,23227889893805E-0002  8,28848327003285E+0001  2,23227889893805E-0002  8,28848327003285E+0001
 5,39987580850720E-0003  9,84436188894885E-0003  1,02716908528801E+0002  9,84436188894885E-0003  1,02716908528801E+0002  9,84436188894885E-0003  1,02716908528801E+0002
 5,79986674711108E-0003  1,30898785834366E-0004  1,14031556126801E+0002  1,30898785834366E-0004  1,14031556126801E+0002  1,30898785834366E-0004  1,14031556126801E+0002
 6,39985315501690E-0003  6,09809761892674E-0003  1,33805335278592E+0002  6,09809761892674E-0003  1,33805335278592E+0002  6,09809761892674E-0003  1,33805335278592E+0002
 7,19983456656337E-0003  5,34642155401603E-0003  1,32338993991281E+0002  5,34642155401603E-0003  1,32338993991281E+0002  5,34642155401603E-0003  1,32338993991281E+0002
 7,99981597810984E-0003  4,64335537553051E-0003  1,50737599993902E+0002  4,64335537553051E-0003  1,50737599993902E+0002  4,64335537553051E-0003  1,50737599993902E+0002
 8,79979785531759E-0003  5,54649134383641E-0003  1,36410112874321E+0002  5,54649134383641E-0003  1,36410112874321E+0002  5,54649134383641E-0003  1,36410112874321E+0002
 9,59977973252535E-0003  1,17585951964781E-0002  1,46635275672226E+0002  1,17585951964781E-0002  1,46635275672226E+0002  1,17585951964781E-0002  1,46635275672226E+0002
 1,03997616097331E-0002  3,62937545209559E-0003  1,86005459278551E+0002  3,62937545209559E-0003  1,86005459278551E+0002  3,62937545209559E-0003  1,86005459278551E+0002
 1,11997425556182E-0002 -5,26843883374460E-0003  1,58674258855216E+0002 -5,26843883374460E-0003  1,58674258855216E+0002 -5,26843883374460E-0003  1,58674258855216E+0002
 1,19997244328260E-0002  5,72923923582215E-0003  1,04293384214055E+0002  5,72923923582215E-0003  1,04293384214055E+0002  5,72923923582215E-0003  1,04293384214055E+0002
 1,31996972486376E-0002  1,40768018123758E-0003  2,59425610600148E+0002  1,40768018123758E-0003  2,59425610600148E+0002  1,40768018123758E-0003  2,59425610600148E+0002
 1,47996600717306E-0002  8,67372040663439E-0004  3,43863803875686E+0002  8,67372040663439E-0004  3,43863803875686E+0002  8,67372040663439E-0004  3,43863803875686E+0002
 1,63996238261461E-0002  5,05992207171888E-0003  2,88248867889579E+0002  5,05992207171888E-0003  2,88248867889579E+0002  5,05992207171888E-0003  2,88248867889579E+0002
 1,79995857179165E-0002  1,96390138073227E-0003  2,76716896063110E+0002  1,96390138073227E-0003  2,76716896063110E+0002  1,96390138073227E-0003  2,76716896063110E+0002
 1,95995494723320E-0002  6,73636248230906E-0003  2,14824131777985E+0002  6,73636248230906E-0003  2,14824131777985E+0002  6,73636248230906E-0003  2,14824131777985E+0002
 2,11995132267475E-0002  8,21725092961146E-0003  2,37613243723998E+0002  8,21725092961146E-0003  2,37613243723998E+0002  8,21725092961146E-0003  2,37613243723998E+0002
 2,27994769811630E-0002  5,04798252077545E-0003  2,15314002408081E+0002  5,04798252077545E-0003  2,15314002408081E+0002  5,04798252077545E-0003  2,15314002408081E+0002
 2,43994388729334E-0002  6,48755539537418E-0003  1,69013122118437E+0002  6,48755539537418E-0003  1,69013122118437E+0002  6,48755539537418E-0003  1,69013122118437E+0002
 2,67993845045567E-0002  8,97667088977998E-0003  2,29956768157557E+0002  8,97667088977998E-0003  2,29956768157557E+0002  8,97667088977998E-0003  2,29956768157557E+0002
 2,99993101507425E-0002  5,41036971935682E-0003  2,94401262022261E+0002  5,41036971935682E-0003  2,94401262022261E+0002  5,41036971935682E-0003  2,94401262022261E+0002
 3,31992357969284E-0002 -3,54482810403267E-0004  3,97803688587459E+0002 -3,54482810403267E-0004  3,97803688587459E+0002 -3,54482810403267E-0004  3,97803688587459E+0002
 3,63991633057594E-0002  7,72270561876099E-0003  2,03431339209777E+0002  7,72270561876099E-0003  2,03431339209777E+0002  7,72270561876099E-0003  2,03431339209777E+0002
 3,95990908145905E-0002  2,89850030006287E-0003  2,45674985556845E+0002  2,89850030006287E-0003  2,45674985556845E+0002  2,89850030006287E-0003  2,45674985556845E+0002
 4,27990183234215E-0002  8,88343381712092E-0003  2,74771450497894E+0002  8,88343381712092E-0003  2,74771450497894E+0002  8,88343381712092E-0003  2,74771450497894E+0002
 4,59989421069622E-0002  1,52940692330453E-0003  3,73508239171415E+0002  1,52940692330453E-0003  3,73508239171415E+0002  1,52940692330453E-0003  3,73508239171415E+0002
 4,91988696157932E-0002  4,07947906151538E-0003  1,99932255840987E+0002  4,07947906151538E-0003  1,99932255840987E+0002  4,07947906151538E-0003  1,99932255840987E+0002
 5,39987608790398E-0002  7,09095250214893E-0003  3,44350354235431E+0002  7,09095250214893E-0003  3,44350354235431E+0002  7,09095250214893E-0003  3,44350354235431E+0002
 6,03986121714115E-0002  5,64666095307842E-0003  2,42404521262277E+0002  5,64666095307842E-0003  2,42404521262277E+0002  5,64666095307842E-0003  2,42404521262277E+0002
 6,67984634637833E-0002  5,34556643098167E-0003  5,33077836085035E+0002  5,34556643098167E-0003  5,33077836085035E+0002  5,34556643098167E-0003  5,33077836085035E+0002
 7,31983184814453E-0002  7,35540336925940E-0003  3,52431140667392E+0002  7,35540336925940E-0003  3,52431140667392E+0002  7,35540336925940E-0003  3,52431140667392E+0002
 7,95981734991074E-0002  5,20684604599624E-0003  3,65007686647516E+0002  5,20684604599624E-0003  3,65007686647516E+0002  5,20684604599624E-0003  3,65007686647516E+0002
 8,59980285167694E-0002  7,28192435310037E-0003  4,07520998555638E+0002  7,28192435310037E-0003  4,07520998555638E+0002  7,28192435310037E-0003  4,07520998555638E+0002
 9,23978760838509E-0002  6,71817107304458E-0003  5,68771035673949E+0002  6,71817107304458E-0003  5,68771035673949E+0002  6,71817107304458E-0003  5,68771035673949E+0002
 9,87977311015129E-0002  3,43982161736883E-0003  2,85636569403299E+0002  3,43982161736883E-0003  2,85636569403299E+0002  3,43982161736883E-0003  2,85636569403299E+0002
 1,08397513628006E-0001  3,87745472887396E-0003  4,02598343133986E+0002  3,87745472887396E-0003  4,02598343133986E+0002  3,87745472887396E-0003  4,02598343133986E+0002
 1,21197216212749E-0001  6,36812679683041E-0003  3,59513483030581E+0002  6,36812679683041E-0003  3,59513483030581E+0002  6,36812679683041E-0003  3,59513483030581E+0002
 1,33996918797493E-0001  4,57938700783713E-0003  4,67618719988223E+0002  4,57938700783713E-0003  4,67618719988223E+0002  4,57938700783713E-0003  4,67618719988223E+0002
 1,46796628832817E-0001  5,64790505192822E-0003  4,97096689692041E+0002  5,64790505192822E-0003  4,97096689692041E+0002  5,64790505192822E-0003  4,97096689692041E+0002
 1,59596338868141E-0001  5,43339263005149E-0003  8,60297370938198E+0002  5,43339263005149E-0003  8,60297370938198E+0002  5,43339263005149E-0003  8,60297370938198E+0002
 1,72396034002304E-0001  4,15747258211297E-0003  3,96129385847863E+0002  4,15747258211297E-0003  3,96129385847863E+0002  4,15747258211297E-0003  3,96129385847863E+0002
 1,85195744037628E-0001  4,35875412464533E-0003  5,90930533698028E+0002  4,35875412464533E-0003  5,90930533698028E+0002  4,35875412464533E-0003  5,90930533698028E+0002
 1,97995454072952E-0001  4,03600883183204E-0003  8,26754888186775E+0002  4,03600883183204E-0003  8,26754888186775E+0002  4,03600883183204E-0003  8,26754888186775E+0002
 2,17195019125938E-0001  5,17447264368467E-0003  7,97580419902244E+0002  5,17447264368467E-0003  7,97580419902244E+0002  5,17447264368467E-0003  7,97580419902244E+0002
 2,42794424295425E-0001  2,33059579674382E-0003  5,96082006110664E+0002  2,33059579674382E-0003  5,96082006110664E+0002  2,33059579674382E-0003  5,96082006110664E+0002
 2,68393844366074E-0001  3,47892823698054E-0003  2,04681117400067E+0003  3,47892823698054E-0003  2,04681117400067E+0003  3,47892823698054E-0003  2,04681117400067E+0003
 2,93993234634399E-0001  3,81631054769578E-0003  6,88927836160001E+0002  3,81631054769578E-0003  6,88927836160001E+0002  3,81631054769578E-0003  6,88927836160001E+0002
 3,19592654705048E-0001  4,33364629142611E-0003  9,23505187375734E+0002  4,33364629142611E-0003  9,23505187375734E+0002  4,33364629142611E-0003  9,23505187375734E+0002
 3,45192074775696E-0001  5,14564222143175E-0003  5,38009520413281E+0002  5,14564222143175E-0003  5,38009520413281E+0002  5,14564222143175E-0003  5,38009520413281E+0002
 3,70791494846344E-0001  4,21100454388720E-0003  6,41517639812526E+0002  4,21100454388720E-0003  6,41517639812526E+0002  4,21100454388720E-0003  6,41517639812526E+0002
 3,96390885114670E-0001  3,37311061468446E-0003  5,62545088162094E+0002  3,37311061468446E-0003  5,62545088162094E+0002  3,37311061468446E-0003  5,62545088162094E+0002
 4,34790015220642E-0001  2,14546920982005E-0003  1,26790686200114E+0003  2,14546920982005E-0003  1,26790686200114E+0003  2,14546920982005E-0003  1,26790686200114E+0003
 4,85988825559616E-0001  2,98658602299088E-0003  8,95790374613454E+0002  2,98658602299088E-0003  8,95790374613454E+0002  2,98658602299088E-0003  8,95790374613454E+0002
 5,37187635898590E-0001  2,38334598111424E-0003  1,01139355042645E+0003  2,38334598111424E-0003  1,01139355042645E+0003  2,38334598111424E-0003  1,01139355042645E+0003
 5,88386476039886E-0001  1,21134394147366E-0003  9,53135921230066E+0002  1,21134394147366E-0003  9,53135921230066E+0002  1,21134394147366E-0003  9,53135921230066E+0002
 6,39585316181183E-0001  2,63368893892775E-0003  1,30931599641493E+0003  2,63368893892775E-0003  1,30931599641493E+0003  2,63368893892775E-0003  1,30931599641493E+0003
 6,90784156322479E-0001  2,45330583168984E-0003  8,06800150545842E+0002  2,45330583168984E-0003  8,06800150545842E+0002  2,45330583168984E-0003  8,06800150545842E+0002
 7,41982936859131E-0001  2,67627971057346E-0003  8,75112818292200E+0002  2,67627971057346E-0003  8,75112818292200E+0002  2,67627971057346E-0003  8,75112818292200E+0002
 7,93181777000427E-0001  2,86762566576599E-0003  1,08750486771221E+0003  2,86762566576599E-0003  1,08750486771221E+0003  2,86762566576599E-0003  1,08750486771221E+0003
 8,69980037212372E-0001  2,28745839475470E-0003  9,95172526116162E+0002  2,28745839475470E-0003  9,95172526116162E+0002  2,28745839475470E-0003  9,95172526116162E+0002
 9,72377657890320E-0001  1,19640479996856E-0003  2,09721945428629E+0003  1,19640479996856E-0003  2,09721945428629E+0003  1,19640479996856E-0003  2,09721945428629E+0003
 1,07477533817291E+0000  2,31488764202398E-0003  1,40199102642069E+0003  2,31488764202398E-0003  1,40199102642069E+0003  2,31488764202398E-0003  1,40199102642069E+0003
 1,17717301845551E+0000  2,17862861276249E-0003  1,25302799626750E+0003  2,17862861276249E-0003  1,25302799626750E+0003  2,17862861276249E-0003  1,25302799626750E+0003
 1,27957057952881E+0000  1,60591687376367E-0003  9,66508142304024E+0002  1,60591687376367E-0003  9,66508142304024E+0002  1,60591687376367E-0003  9,66508142304024E+0002
 1,38196825981140E+0000  1,80112161190766E-0003  9,89091778111033E+0002  1,80112161190766E-0003  9,89091778111033E+0002  1,80112161190766E-0003  9,89091778111033E+0002
 1,48436594009399E+0000  1,79794046406902E-0003  1,24774545812483E+0003  1,79794046406902E-0003  1,24774545812483E+0003  1,79794046406902E-0003  1,24774545812483E+0003
 1,58676350116730E+0000  1,38628080420799E-0003  2,77618940561980E+0003  1,38628080420799E-0003  2,77618940561980E+0003  1,38628080420799E-0003  2,77618940561980E+0003
 1,74036002159119E+0000  1,20873421864864E-0003  2,76602952237087E+0003  1,20873421864864E-0003  2,76602952237087E+0003  1,20873421864864E-0003  2,76602952237087E+0003
 1,94515538215637E+0000  1,25036584635089E-0003  1,77019242304428E+0003  1,25036584635089E-0003  1,77019242304428E+0003  1,25036584635089E-0003  1,77019242304428E+0003
 2,14995074272156E+0000  1,09281398516259E-0003  2,59050661436776E+0003  1,09281398516259E-0003  2,59050661436776E+0003  1,09281398516259E-0003  2,59050661436776E+0003
 2,35474586486816E+0000  1,08942665060032E-0003  3,20497375485038E+0003  1,08942665060032E-0003  3,20497375485038E+0003  1,08942665060032E-0003  3,20497375485038E+0003
 2,55954122543335E+0000  4,42231438967212E-0004  2,35610329264775E+0003  4,42231438967212E-0004  2,35610329264775E+0003  4,42231438967212E-0004  2,35610329264775E+0003
 2,76433658599854E+0000  6,17003427503589E-0004  2,47428638312729E+0003  6,17003427503589E-0004  2,47428638312729E+0003  6,17003427503589E-0004  2,47428638312729E+0003
 2,96913170814514E+0000  6,14600602939840E-0004  1,62058040895100E+0003  6,14600602939840E-0004  1,62058040895100E+0003  6,14600602939840E-0004  1,62058040895100E+0003
 3,17392706871033E+0000  6,81208621935813E-0004  3,02093358400860E+0003  6,81208621935813E-0004  3,02093358400860E+0003  6,81208621935813E-0004  3,02093358400860E+0003
 3,48112010955811E+0000  5,63594001145601E-0004  3,69109690986130E+0003  5,63594001145601E-0004  3,69109690986130E+0003  5,63594001145601E-0004  3,69109690986130E+0003
 3,89071059226990E+0000  2,09565290526103E-0004  3,88877117954344E+0003  2,09565290526103E-0004  3,88877117954344E+0003  2,09565290526103E-0004  3,88877117954344E+0003
 4,30030107498169E+0000  5,50476770268913E-0004  4,82375242846738E+0003  5,50476770268913E-0004  4,82375242846738E+0003  5,50476770268913E-0004  4,82375242846738E+0003
 4,70989179611206E+0000  5,12855510008051E-0004  3,17917299703470E+0003  5,12855510008051E-0004  3,17917299703470E+0003  5,12855510008051E-0004  3,17917299703470E+0003
 5,11948251724243E+0000  5,12753042312692E-0004  4,60388612172169E+0003  5,12753042312692E-0004  4,60388612172169E+0003  5,12753042312692E-0004  4,60388612172169E+0003
 5,52907323837280E+0000  2,28544086582918E-0005  2,57593915853495E+0003  2,28544086582918E-0005  2,57593915853495E+0003  2,28544086582918E-0005  2,57593915853495E+0003
 5,93866348266602E+0000 -1,03207128113754E-0004  2,74937841282412E+0003 -1,03207128113754E-0004  2,74937841282412E+0003 -1,03207128113754E-0004  2,74937841282412E+0003
 6,34825420379639E+0000  9,34579045622355E-0004  2,16552080675468E+0003  9,34579045622355E-0004  2,16552080675468E+0003  9,34579045622355E-0004  2,16552080675468E+0003
 6,96264028549194E+0000  2,49274332734895E-0004  3,72841475686342E+0003  2,49274332734895E-0004  3,72841475686342E+0003  2,49274332734895E-0004  3,72841475686342E+0003
 7,78182125091553E+0000  1,50027132300885E-0004  3,33071867423928E+0003  1,50027132300885E-0004  3,33071867423928E+0003  1,50027132300885E-0004  3,33071867423928E+0003
 8,60100269317627E+0000  2,45617170378970E-0004  4,45076250735854E+0003  2,45617170378970E-0004  4,45076250735854E+0003  2,45617170378970E-0004  4,45076250735854E+0003
 9,42018413543701E+0000  2,14249447811740E-0004  2,36129486748836E+0003  2,14249447811740E-0004  2,36129486748836E+0003  2,14249447811740E-0004  2,36129486748836E+0003
 1,02393646240234E+0001  2,84169261873283E-0004  4,79718108296418E+0003  2,84169261873283E-0004  4,79718108296418E+0003  2,84169261873283E-0004  4,79718108296418E+0003
 1,10585460662841E+0001 -1,09546331754748E-0004  3,75962406588461E+0003 -1,09546331754748E-0004  3,75962406588461E+0003 -1,09546331754748E-0004  3,75962406588461E+0003
 1,18777275085449E+0001 -7,18570043396946E-0004  2,68561101166636E+0003 -7,18570043396946E-0004  2,68561101166636E+0003 -7,18570043396946E-0004  2,68561101166636E+0003
 1,26969079971313E+0001  4,30386675644484E-0006  5,01720929478134E+0003  4,30386675644484E-0006  5,01720929478134E+0003  4,30386675644484E-0006  5,01720929478134E+0003
 1,39256801605224E+0001 -2,01885145565005E-0004  5,02179253179752E+0003 -2,01885145565005E-0004  5,02179253179752E+0003 -2,01885145565005E-0004  5,02179253179752E+0003
 1,55640430450439E+0001  4,84175279713047E-0005  5,20689835646479E+0003  4,84175279713047E-0005  5,20689835646479E+0003  4,84175279713047E-0005  5,20689835646479E+0003
 1,72024040222168E+0001 -2,16780772251740E-0005  3,28983468666991E+0003 -2,16780772251740E-0005  3,28983468666991E+0003 -2,16780772251740E-0005  3,28983468666991E+0003
 1,88407669067383E+0001  1,45349917389229E-0004  3,64687087048734E+0003  1,45349917389229E-0004  3,64687087048734E+0003  1,45349917389229E-0004  3,64687087048734E+0003
 2,04791297912598E+0001 -4,31029699036380E-0005  5,72654005322892E+0003 -4,31029699036380E-0005  5,72654005322892E+0003 -4,31029699036380E-0005  5,72654005322892E+0003
 2,21174926757813E+0001 -7,66029645125369E-0005  4,64063280608289E+0003 -7,66029645125369E-0005  4,64063280608289E+0003 -7,66029645125369E-0005  4,64063280608289E+0003
 2,37558536529541E+0001 -7,62344898622042E-0005  5,52036643210425E+0003 -7,62344898622042E-0005  5,52036643210425E+0003 -7,62344898622042E-0005  5,52036643210425E+0003
 2,53942165374756E+0001 -3,69404639871506E-0004  3,96363075471301E+0003 -3,69404639871506E-0004  3,96363075471301E+0003 -3,69404639871506E-0004  3,96363075471301E+0003
 2,78517608642578E+0001 -2,76899399093339E-0004  4,50738495404825E+0003 -2,76899399093339E-0004  4,50738495404825E+0003 -2,76899399093339E-0004  4,50738495404825E+0003
 3,11284847259521E+0001 -2,82276654134959E-0004  3,14890916626707E+0003 -2,82276654134959E-0004  3,14890916626707E+0003 -2,82276654134959E-0004  3,14890916626707E+0003
 3,44052085876465E+0001 -3,29383454792268E-0004  4,84834905189532E+0003 -3,29383454792268E-0004  4,84834905189532E+0003 -3,29383454792268E-0004  4,84834905189532E+0003
 3,76819343566895E+0001 -4,69642271486860E-0004  5,21076221366171E+0003 -4,69642271486860E-0004  5,21076221366171E+0003 -4,69642271486860E-0004  5,21076221366171E+0003
 4,09586601257324E+0001 -4,34487782229174E-0004  4,73169843998698E+0003 -4,34487782229174E-0004  4,73169843998698E+0003 -4,34487782229174E-0004  4,73169843998698E+0003
 4,42353858947754E+0001 -6,30614182383253E-0004  3,06174704675877E+0003 -6,30614182383253E-0004  3,06174704675877E+0003 -6,30614182383253E-0004  3,06174704675877E+0003
 4,75121078491211E+0001 -4,36342833696789E-0004  3,01865842950138E+0003 -4,36342833696789E-0004  3,01865842950138E+0003 -4,36342833696789E-0004  3,01865842950138E+0003
 5,07888336181641E+0001 -3,94882124605749E-0004  3,28709803707573E+0003 -3,94882124605749E-0004  3,28709803707573E+0003 -3,94882124605749E-0004  3,28709803707573E+0003
 5,57039222717285E+0001 -3,50380551796237E-0004  2,59437607612657E+0003 -3,50380551796237E-0004  2,59437607612657E+0003 -3,50380551796237E-0004  2,59437607612657E+0003
 6,22573699951172E+0001 -3,09071295198499E-0004  2,52130012842633E+0003 -3,09071295198499E-0004  2,52130012842633E+0003 -3,09071295198499E-0004  2,52130012842633E+0003
 6,88108215332031E+0001 -3,10501177392827E-0004  2,17648035801286E+0003 -3,10501177392827E-0004  2,17648035801286E+0003 -3,10501177392827E-0004  2,17648035801286E+0003
 7,53642730712891E+0001 -2,27127051957544E-0004  1,88196621983820E+0003 -2,27127051957544E-0004  1,88196621983820E+0003 -2,27127051957544E-0004  1,88196621983820E+0003
 8,19177169799805E+0001 -4,48092779415132E-0004  2,31405559014290E+0003 -4,48092779415132E-0004  2,31405559014290E+0003 -4,48092779415132E-0004  2,31405559014290E+0003
 8,84711685180664E+0001 -3,84376573356831E-0004  2,69374168980584E+0003 -3,84376573356831E-0004  2,69374168980584E+0003 -3,84376573356831E-0004  2,69374168980584E+0003
 9,50246200561523E+0001 -4,29452041358605E-0004  2,92582042012459E+0003 -4,29452041358605E-0004  2,92582042012459E+0003 -4,29452041358605E-0004  2,92582042012459E+0003
 1,01578063964843E+0002 -2,12915548780666E-0004  2,51594027046792E+0003 -2,12915548780666E-0004  2,51594027046792E+0003 -2,12915548780666E-0004  2,51594027046792E+0003
 1,11408241271972E+0002 -4,35371288386271E-0004  2,65423536998192E+0003 -4,35371288386271E-0004  2,65423536998192E+0003 -4,35371288386271E-0004  2,65423536998192E+0003
 1,24515136718750E+0002 -4,45775114528652E-0004  2,16334053116537E+0003 -4,45775114528652E-0004  2,16334053116537E+0003 -4,45775114528652E-0004  2,16334053116537E+0003
 1,37622039794922E+0002 -2,90186691659042E-0004  1,93460843896514E+0003 -2,90186691659042E-0004  1,93460843896514E+0003 -2,90186691659042E-0004  1,93460843896514E+0003
 1,50728942871094E+0002 -1,72340058146127E-0004  1,95240808468937E+0003 -1,72340058146127E-0004  1,95240808468937E+0003 -1,72340058146127E-0004  1,95240808468937E+0003
 1,63835830688477E+0002 -1,12156498750403E-0004  2,28620882653998E+0003 -1,12156498750403E-0004  2,28620882653998E+0003 -1,12156498750403E-0004  2,28620882653998E+0003
 1,76942733764648E+0002 -3,13671074293959E-0004  2,00627450818679E+0003 -3,13671074293959E-0004  2,00627450818679E+0003 -3,13671074293959E-0004  2,00627450818679E+0003
 1,90049636840820E+0002 -2,45242992646906E-0004  1,73611180354716E+0003 -2,45242992646906E-0004  1,73611180354716E+0003 -2,45242992646906E-0004  1,73611180354716E+0003
 2,03156539916992E+0002 -2,87643860702100E-0004  1,38280027088883E+0003 -2,87643860702100E-0004  1,38280027088883E+0003 -2,87643860702100E-0004  1,38280027088883E+0003
 2,22816879272461E+0002 -2,49630222064558E-0004  1,17909776664145E+0003 -2,49630222064558E-0004  1,17909776664145E+0003 -2,49630222064558E-0004  1,17909776664145E+0003
 2,49030685424805E+0002 -5,48182551648878E-0004  1,26098133680465E+0003 -5,48182551648878E-0004  1,26098133680465E+0003 -5,48182551648878E-0004  1,26098133680465E+0003
 2,75244476318359E+0002 -8,25395517441012E-0004  1,19960712518996E+0003 -8,25395517441012E-0004  1,19960712518996E+0003 -8,25395517441012E-0004  1,19960712518996E+0003
 3,01458282470703E+0002 -7,01817061657887E-0004  1,07918664747771E+0003 -7,01817061657887E-0004  1,07918664747771E+0003 -7,01817061657887E-0004  1,07918664747771E+0003
 3,27672088623047E+0002 -8,27837796311251E-0004  1,03149286774540E+0003 -8,27837796311251E-0004  1,03149286774540E+0003 -8,27837796311251E-0004  1,03149286774540E+0003
 3,53885864257813E+0002 -6,55403097190653E-0004  8,94443605006061E+0002 -6,55403097190653E-0004  8,94443605006061E+0002 -6,55403097190653E-0004  8,94443605006061E+0002
 3,80099670410156E+0002 -7,53496071281501E-0004  7,05365321069727E+0002 -7,53496071281501E-0004  7,05365321069727E+0002 -7,53496071281501E-0004  7,05365321069727E+0002
 4,06313476562500E+0002 -8,45700310457877E-0004  6,22744727280580E+0002 -8,45700310457877E-0004  6,22744727280580E+0002 -8,45700310457877E-0004  6,22744727280580E+0002
 4,45634155273438E+0002 -9,60667376434076E-0004  8,05129541346408E+0002 -9,60667376434076E-0004  8,05129541346408E+0002 -9,60667376434076E-0004  8,05129541346408E+0002
 4,98061767578125E+0002 -1,56287228254112E-0003  6,44525233318366E+0002 -1,56287228254112E-0003  6,44525233318366E+0002 -1,56287228254112E-0003  6,44525233318366E+0002
 5,50489379882812E+0002 -1,73153353707712E-0003  5,77780140467621E+0002 -1,73153353707712E-0003  5,77780140467621E+0002 -1,73153353707712E-0003  5,77780140467621E+0002
 6,02916931152344E+0002 -1,38033979717680E-0003  7,81370316958477E+0002 -1,38033979717680E-0003  7,81370316958477E+0002 -1,38033979717680E-0003  7,81370316958477E+0002
 6,55344543457031E+0002 -1,34108598491719E-0003  7,99569074062589E+0002 -1,34108598491719E-0003  7,99569074062589E+0002 -1,34108598491719E-0003  7,99569074062589E+0002
 7,07772155761719E+0002 -7,93413792047694E-0004  6,55309710822293E+0002 -7,93413792047694E-0004  6,55309710822293E+0002 -7,93413792047694E-0004  6,55309710822293E+0002
 7,60199768066406E+0002 -3,96878837760613E-0004  7,89511456208796E+0002 -3,96878837760613E-0004  7,89511456208796E+0002 -3,96878837760613E-0004  7,89511456208796E+0002
 8,12627319335937E+0002 -2,79006942775959E-0004  1,36393813027202E+0003 -2,79006942775959E-0004  1,36393813027202E+0003 -2,79006942775959E-0004  1,36393813027202E+0003
