 Corr.Time[ms]           Correlation(1->2+2->1)  Weighting(1->2+2->1)    Correlation(1->2)       Weighting(1->2)         Correlation(2->1)       Weighting(2->1)
 2,24996852921322E-0004  4,79315281155564E-0002  4,13536610931856E+0001  4,79315281155564E-0002  4,13536610931856E+0001  4,79315281155564E-0002  4,13536610931856E+0001
 2,74996156804264E-0004  3,74374531414747E-0002  5,38512581552191E+0001  3,74374531414747E-0002  5,38512581552191E+0001  3,74374531414747E-0002  5,38512581552191E+0001
 3,24995460687205E-0004  4,49588528450943E-0002  2,18988236519348E+0001  4,49588528450943E-0002  2,18988236519348E+0001  4,49588528450943E-0002  2,18988236519348E+0001
 3,74994764570147E-0004  1,93774713367388E-0002  7,77718266516297E+0001  1,93774713367388E-0002  7,77718266516297E+0001  1,93774713367388E-0002  7,77718266516297E+0001
 4,49993705842644E-0004 -1,34024495308844E-0003  4,45774235382849E+0001 -1,34024495308844E-0003  4,45774235382849E+0001 -1,34024495308844E-0003  4,45774235382849E+0001
 5,49992313608527E-0004  7,49257890124852E-0003  1,43463266942170E+0002  7,49257890124852E-0003  1,43463266942170E+0002  7,49257890124852E-0003  1,43463266942170E+0002
 6,49990921374410E-0004  1,17331062484967E-0002  7,03757180756003E+0001  1,17331062484967E-0002  7,03757180756003E+0001  1,17331062484967E-0002  7,03757180756003E+0001
 7,49989529140294E-0004  2,17781686588728E-0002  4,22777307919889E+0001  2,17781686588728E-0002  4,22777307919889E+0001  2,17781686588728E-0002  4,22777307919889E+0001
 8,49988136906177E-0004  2,45051481132234E-0002  6,03077784697472E+0001  2,45051481132234E-0002  6,03077784697472E+0001  2,45051481132234E-0002  6,03077784697472E+0001
 9,49986744672060E-0004 -5,05883356942027E-0003  3,80219264638894E+0001 -5,05883356942027E-0003  3,80219264638894E+0001 -5,05883356942027E-0003  3,80219264638894E+0001
 1,04998529423028E-0003 -2,02151228978294E-0002  3,60840392891332E+0001 -2,02151228978294E-0002  3,60840392891332E+0001 -2,02151228978294E-0002  3,60840392891332E+0001
 1,14998396020382E-0003  1,96894414176146E-0002  4,76940382067961E+0001  1,96894414176146E-0002  4,76940382067961E+0001  1,96894414176146E-0002  4,76940382067961E+0001
 1,29998184274882E-0003 -3,78160499287215E-0003  8,81780589212643E+0001 -3,78160499287215E-0003  8,81780589212643E+0001 -3,78160499287215E-0003  8,81780589212643E+0001
 1,49997905828058E-0003  2,27502704911658E-0002  8,82621302445956E+0001  2,27502704911658E-0002  8,82621302445956E+0001  2,27502704911658E-0002  8,82621302445956E+0001
 1,69997627381235E-0003  1,38001863876300E-0002  1,02406969588565E+0002  1,38001863876300E-0002  1,02406969588565E+0002  1,38001863876300E-0002  1,02406969588565E+0002
 1,89997348934412E-0003  3,18039660820065E-0003  7,52953162667707E+0001  3,18039660820065E-0003  7,52953162667707E+0001  3,18039660820065E-0003  7,52953162667707E+0001
 2,09997058846056E-0003 -5,81943659008850E-0003  6,34567525789456E+0001 -5,81943659008850E-0003  6,34567525789456E+0001 -5,81943659008850E-0003  6,34567525789456E+0001
 2,29996792040765E-0003  4,48625884040529E-0003  4,12132304018855E+0001  4,48625884040529E-0003  4,12132304018855E+0001  4,48625884040529E-0003  4,12132304018855E+0001
 2,49996501952410E-0003  1,73471895901277E-0002  1,24002739847907E+0002  1,73471895901277E-0002  1,24002739847907E+0002  1,73471895901277E-0002  1,24002739847907E+0002
 2,69996235147119E-0003 -1,44327870252923E-0002  1,07806211762120E+0002 -1,44327870252923E-0002  1,07806211762120E+0002 -1,44327870252923E-0002  1,07806211762120E+0002
 2,99995811656117E-0003  9,65648265492469E-0003  9,29941774358024E+0001  9,65648265492469E-0003  9,29941774358024E+0001  9,65648265492469E-0003  9,29941774358024E+0001
 3,39995254762471E-0003  6,46850459819600E-0003  9,70296204249355E+0001  6,46850459819600E-0003  9,70296204249355E+0001  6,46850459819600E-0003  9,70296204249355E+0001
 3,79994697868824E-0003  8,31398432355731E-0003  1,03493544059047E+0002  8,31398432355731E-0003  1,03493544059047E+0002  8,31398432355731E-0003  1,03493544059047E+0002
 4,19994117692113E-0003  7,83351972629831E-0003  9,26644327798533E+0001  7,83351972629831E-0003  9,26644327798533E+0001  7,83351972629831E-0003  9,26644327798533E+0001
 4,59993584081531E-0003 -2,83455847505880E-0003  7,40344796135660E+0001 -2,83455847505880E-0003  7,40344796135660E+0001 -2,83455847505880E-0003  7,40344796135660E+0001
 4,99993003904820E-0003 -1,32038350575373E-0003  1,07800293140461E+0002 -1,32038350575373E-0003  1,07800293140461E+0002 -1,32038350575373E-0003  1,07800293140461E+0002
 5,39992470294237E-0003  1,11467048804618E-0002  8,29760205482285E+0001  1,11467048804618E-0002  8,29760205482285E+0001  1,11467048804618E-0002  8,29760205482285E+0001
 5,79991890117526E-0003 -1,48747691416382E-0002  8,73920266391764E+0001 -1,48747691416382E-0002  8,73920266391764E+0001 -1,48747691416382E-0002  8,73920266391764E+0001
 6,39991043135524E-0003  1,99104345534500E-0002  1,16121409042284E+0002  1,99104345534500E-0002  1,16121409042284E+0002  1,99104345534500E-0002  1,16121409042284E+0002
 7,19989929348230E-0003 -5,12809592094980E-0003  1,04673900407515E+0002 -5,12809592094980E-0003  1,04673900407515E+0002 -5,12809592094980E-0003  1,04673900407515E+0002
 7,99988862127066E-0003  9,86017275881636E-0003  1,45666322376256E+0002  9,86017275881636E-0003  1,45666322376256E+0002  9,86017275881636E-0003  1,45666322376256E+0002
 8,79987701773644E-0003  6,99125282550975E-0003  1,31186961153942E+0002  6,99125282550975E-0003  1,31186961153942E+0002  6,99125282550975E-0003  1,31186961153942E+0002
 9,59986634552479E-0003  1,57999883852586E-0003  9,89158746190904E+0001  1,57999883852586E-0003  9,89158746190904E+0001  1,57999883852586E-0003  9,89158746190904E+0001
 1,03998547419905E-0002  9,43906019659630E-0003  1,12763173245948E+0002  9,43906019659630E-0003  1,12763173245948E+0002  9,43906019659630E-0003  1,12763173245948E+0002
 1,11998440697789E-0002  6,30097511265055E-0004  2,42710464754527E+0002  6,30097511265055E-0004  2,42710464754527E+0002  6,30097511265055E-0004  2,42710464754527E+0002
 1,19998324662447E-0002  6,84162816266141E-0004  1,23708047594603E+0002  6,84162816266141E-0004  1,23708047594603E+0002  6,84162816266141E-0004  1,23708047594603E+0002
 1,31998155266046E-0002  5,80619682348257E-0003  2,67850923213628E+0002  5,80619682348257E-0003  2,67850923213628E+0002  5,80619682348257E-0003  2,67850923213628E+0002
 1,47997932508587E-0002  8,07882208371294E-0003  1,77638824532109E+0002  8,07882208371294E-0003  1,77638824532109E+0002  8,07882208371294E-0003  1,77638824532109E+0002
 1,63997709751129E-0002  6,14768822666495E-0003  2,49376015883052E+0002  6,14768822666495E-0003  2,49376015883052E+0002  6,14768822666495E-0003  2,49376015883052E+0002
 1,79997477680445E-0002  6,60997553664929E-0003  1,80689394233786E+0002  6,60997553664929E-0003  1,80689394233786E+0002  6,60997553664929E-0003  1,80689394233786E+0002
 1,95997264236212E-0002  9,20224761016851E-0003  1,59164750177696E+0002  9,20224761016851E-0003  1,59164750177696E+0002  9,20224761016851E-0003  1,59164750177696E+0002
 2,11997032165527E-0002  1,75857055266910E-0003  2,25306893149741E+0002  1,75857055266910E-0003  2,25306893149741E+0002  1,75857055266910E-0003  2,25306893149741E+0002
 2,27996818721294E-0002  7,26584365155866E-0003  2,09658274120850E+0002  7,26584365155866E-0003  2,09658274120850E+0002  7,26584365155866E-0003  2,09658274120850E+0002
 2,43996586650610E-0002  7,54458619282720E-0003  1,84457889024709E+0002  7,54458619282720E-0003  1,84457889024709E+0002  7,54458619282720E-0003  1,84457889024709E+0002
 2,67996266484261E-0002  7,84188741786668E-0003  4,01233538679508E+0002  7,84188741786668E-0003  4,01233538679508E+0002  7,84188741786668E-0003  4,01233538679508E+0002
 2,99995802342892E-0002  4,69750548908682E-0003  2,87971580076080E+0002  4,69750548908682E-0003  2,87971580076080E+0002  4,69750548908682E-0003  2,87971580076080E+0002
 3,31995375454426E-0002  7,74814489126133E-0003  6,24707276424087E+0002  7,74814489126133E-0003  6,24707276424087E+0002  7,74814489126133E-0003  6,24707276424087E+0002
 3,63994911313057E-0002  4,80848699089252E-0003  4,83821607301621E+0002  4,80848699089252E-0003  4,83821607301621E+0002  4,80848699089252E-0003  4,83821607301621E+0002
 3,95994484424591E-0002  3,60338977318139E-0003  3,01085756264905E+0002  3,60338977318139E-0003  3,01085756264905E+0002  3,60338977318139E-0003  3,01085756264905E+0002
 4,27994020283222E-0002  3,61620098428320E-0003  2,11066017440485E+0002  3,61620098428320E-0003  2,11066017440485E+0002  3,61620098428320E-0003  2,11066017440485E+0002
 4,59993593394756E-0002  6,29317212062910E-0003  2,72327435544662E+0002  6,29317212062910E-0003  2,72327435544662E+0002  6,29317212062910E-0003  2,72327435544662E+0002
 4,91993129253387E-0002  6,12394888424452E-0003  3,63969480890068E+0002  6,12394888424452E-0003  3,63969480890068E+0002  6,12394888424452E-0003  3,63969480890068E+0002
 5,39992451667786E-0002  4,64306745780727E-0003  4,03471356189308E+0002  4,64306745780727E-0003  4,03471356189308E+0002  4,64306745780727E-0003  4,03471356189308E+0002
 6,03991560637951E-0002  4,07046677338470E-0003  4,75850192635871E+0002  4,07046677338470E-0003  4,75850192635871E+0002  4,07046677338470E-0003  4,75850192635871E+0002
 6,67990669608116E-0002  5,60955477053461E-0003  4,34659309308526E+0002  5,60955477053461E-0003  4,34659309308526E+0002  5,60955477053461E-0003  4,34659309308526E+0002
 7,31989815831184E-0002  6,41086798269195E-0003  4,11458604152833E+0002  6,41086798269195E-0003  4,11458604152833E+0002  6,41086798269195E-0003  4,11458604152833E+0002
 7,95988887548447E-0002  6,98064223493618E-0003  4,98083175335931E+0002  6,98064223493618E-0003  4,98083175335931E+0002  6,98064223493618E-0003  4,98083175335931E+0002
 8,59987959265709E-0002  1,09295371829865E-0002  4,46704671403550E+0002  1,09295371829865E-0002  4,46704671403550E+0002  1,09295371829865E-0002  4,46704671403550E+0002
 9,23987105488777E-0002  2,39429695033376E-0003  3,96525657937111E+0002  2,39429695033376E-0003  3,96525657937111E+0002  2,39429695033376E-0003  3,96525657937111E+0002
 9,87986177206039E-0002  7,01896490301119E-0003  4,00882549375078E+0002  7,01896490301119E-0003  4,00882549375078E+0002  7,01896490301119E-0003  4,00882549375078E+0002
 1,08398489654064E-0001  5,71018174515997E-0003  8,49802497486274E+0002  5,71018174515997E-0003  8,49802497486274E+0002  5,71018174515997E-0003  8,49802497486274E+0002
 1,21198311448097E-0001  6,09394414926684E-0003  5,61886213142460E+0002  6,09394414926684E-0003  5,61886213142460E+0002  6,09394414926684E-0003  5,61886213142460E+0002
 1,33998125791550E-0001  4,18821324153624E-0003  6,27560209168998E+0002  4,18821324153624E-0003  6,27560209168998E+0002  4,18821324153624E-0003  6,27560209168998E+0002
 1,46797955036163E-0001  5,37627864199112E-0003  1,04594824069037E+0003  5,37627864199112E-0003  1,04594824069037E+0003  5,37627864199112E-0003  1,04594824069037E+0003
 1,59597769379616E-0001  4,05360394204518E-0003  3,60589715463682E+0002  4,05360394204518E-0003  3,60589715463682E+0002  4,05360394204518E-0003  3,60589715463682E+0002
 1,72397598624229E-0001  7,93898576582092E-0003  5,42933451295000E+0002  7,93898576582092E-0003  5,42933451295000E+0002  7,93898576582092E-0003  5,42933451295000E+0002
 1,85197412967682E-0001  1,94375774716017E-0003  5,94347136141024E+0002  1,94375774716017E-0003  5,94347136141024E+0002  1,94375774716017E-0003  5,94347136141024E+0002
 1,97997242212296E-0001  5,82011717260925E-0003  4,59417356695075E+0002  5,82011717260925E-0003  4,59417356695075E+0002  5,82011717260925E-0003  4,59417356695075E+0002
 2,17196971178055E-0001  4,53345023181788E-0003  4,67241843437382E+0002  4,53345023181788E-0003  4,67241843437382E+0002  4,53345023181788E-0003  4,67241843437382E+0002
 2,42796614766121E-0001  3,66199787938033E-0003  6,53351757800345E+0002  3,66199787938033E-0003  6,53351757800345E+0002  3,66199787938033E-0003  6,53351757800345E+0002
 2,68396258354187E-0001  3,61171024106309E-0003  7,31717312491382E+0002  3,61171024106309E-0003  7,31717312491382E+0002  3,61171024106309E-0003  7,31717312491382E+0002
 2,93995887041092E-0001  1,83832600358768E-0003  8,66927558705967E+0002  1,83832600358768E-0003  8,66927558705967E+0002  1,83832600358768E-0003  8,66927558705967E+0002
 3,19595545530319E-0001  5,43542788300984E-0003  7,29408877081089E+0002  5,43542788300984E-0003  7,29408877081089E+0002  5,43542788300984E-0003  7,29408877081089E+0002
 3,45195174217224E-0001  4,91639078798548E-0003  1,19406137779365E+0003  4,91639078798548E-0003  1,19406137779365E+0003  4,91639078798548E-0003  1,19406137779365E+0003
 3,70794832706451E-0001  2,93432018269473E-0003  7,61151029811402E+0002  2,93432018269473E-0003  7,61151029811402E+0002  2,93432018269473E-0003  7,61151029811402E+0002
 3,96394461393356E-0001  3,92531640588629E-0003  8,38333586352677E+0002  3,92531640588629E-0003  8,38333586352677E+0002  3,92531640588629E-0003  8,38333586352677E+0002
 4,34793919324875E-0001  3,01550299243288E-0003  1,33631376279149E+0003  3,01550299243288E-0003  1,33631376279149E+0003  3,01550299243288E-0003  1,33631376279149E+0003
 4,85993206501007E-0001  3,60080188238328E-0003  1,36331460758546E+0003  3,60080188238328E-0003  1,36331460758546E+0003  3,60080188238328E-0003  1,36331460758546E+0003
 5,37192523479462E-0001  2,55679442507568E-0003  1,07019319696196E+0003  2,55679442507568E-0003  1,07019319696196E+0003  2,55679442507568E-0003  1,07019319696196E+0003
 5,88391780853271E-0001  2,37618129847364E-0003  1,00042892779550E+0003  2,37618129847364E-0003  1,00042892779550E+0003  2,37618129847364E-0003  1,00042892779550E+0003
 6,39591097831726E-0001  2,99431172686851E-0003  1,54683337744493E+0003  2,99431172686851E-0003  1,54683337744493E+0003  2,99431172686851E-0003  1,54683337744493E+0003
 6,90790355205536E-0001  1,99517587217591E-0003  1,40526155701961E+0003  1,99517587217591E-0003  1,40526155701961E+0003  1,99517587217591E-0003  1,40526155701961E+0003
 7,41989612579346E-0001  1,22354863250661E-0003  1,28856852460062E+0003  1,22354863250661E-0003  1,28856852460062E+0003  1,22354863250661E-0003  1,28856852460062E+0003
 7,93188929557800E-0001  1,84206447873419E-0003  1,93330078116220E+0003  1,84206447873419E-0003  1,93330078116220E+0003  1,84206447873419E-0003  1,93330078116220E+0003
 8,69987845420837E-0001  2,00141930377724E-0003  1,61308985904789E+0003  2,00141930377724E-0003  1,61308985904789E+0003  2,00141930377724E-0003  1,61308985904789E+0003
 9,72386419773102E-0001  2,45621524931180E-0003  2,09740914068034E+0003  2,45621524931180E-0003  2,09740914068034E+0003  2,45621524931180E-0003  2,09740914068034E+0003
 1,07478499412537E+0000  2,19169857072069E-0003  1,70912492771237E+0003  2,19169857072069E-0003  1,70912492771237E+0003  2,19169857072069E-0003  1,70912492771237E+0003
 1,17718350887299E+0000  2,55082727290958E-0003  1,29752025055446E+0003  2,55082727290958E-0003  1,29752025055446E+0003  2,55082727290958E-0003  1,29752025055446E+0003
 1,27958214282990E+0000  1,52648897244000E-0003  1,67364849974566E+0003  1,52648897244000E-0003  1,67364849974566E+0003  1,52648897244000E-0003  1,67364849974566E+0003
 1,38198065757751E+0000  1,73583768242178E-0003  1,75584401123712E+0003  1,73583768242178E-0003  1,75584401123712E+0003  1,73583768242178E-0003  1,75584401123712E+0003
 1,48437929153442E+0000  1,19279924576533E-0003  3,15791995336686E+0003  1,19279924576533E-0003  3,15791995336686E+0003  1,19279924576533E-0003  3,15791995336686E+0003
 1,58677780628204E+0000  1,33591934568329E-0003  1,73191673280183E+0003  1,33591934568329E-0003  1,73191673280183E+0003  1,33591934568329E-0003  1,73191673280183E+0003
 1,74037575721741E+0000  1,41734741681152E-0003  2,07545732216593E+0003  1,41734741681152E-0003  2,07545732216593E+0003  1,41734741681152E-0003  2,07545732216593E+0003
 1,94517278671265E+0000  1,06828019935679E-0003  2,43981655700934E+0003  1,06828019935679E-0003  2,43981655700934E+0003  1,06828019935679E-0003  2,43981655700934E+0003
 2,14997005462646E+0000  4,55943063027065E-0004  2,22475229339310E+0003  4,55943063027065E-0004  2,22475229339310E+0003  4,55943063027065E-0004  2,22475229339310E+0003
 2,35476708412170E+0000  6,96597938237838E-0004  2,14262323680753E+0003  6,96597938237838E-0004  2,14262323680753E+0003  6,96597938237838E-0004  2,14262323680753E+0003
 2,55956435203552E+0000  7,32371821266903E-0004  4,06682994229173E+0003  7,32371821266903E-0004  4,06682994229173E+0003  7,32371821266903E-0004  4,06682994229173E+0003
 2,76436138153076E+0000  1,65958157014852E-0004  1,36641196917872E+0003  1,65958157014852E-0004  1,36641196917872E+0003  1,65958157014852E-0004  1,36641196917872E+0003
 2,96915864944458E+0000  5,03254238378447E-0004  2,70164526568517E+0003  5,03254238378447E-0004  2,70164526568517E+0003  5,03254238378447E-0004  2,70164526568517E+0003
 3,17395567893982E+0000  7,90548085582206E-0004  1,80676975313038E+0003  7,90548085582206E-0004  1,80676975313038E+0003  7,90548085582206E-0004  1,80676975313038E+0003
 3,48115134239197E+0000 -8,03534554048193E-0006  3,14804231840286E+0003 -8,03534554048193E-0006  3,14804231840286E+0003 -8,03534554048193E-0006  3,14804231840286E+0003
 3,89074563980103E+0000  5,00363194996762E-0004  4,28667924578607E+0003  5,00363194996762E-0004  4,28667924578607E+0003  5,00363194996762E-0004  4,28667924578607E+0003
 4,30034017562866E+0000  5,04495627139327E-0004  3,94483104861688E+0003  5,04495627139327E-0004  3,94483104861688E+0003  5,04495627139327E-0004  3,94483104861688E+0003
 4,70993423461914E+0000  3,33684612319073E-0004  2,35622008855562E+0003  3,33684612319073E-0004  2,35622008855562E+0003  3,33684612319073E-0004  2,35622008855562E+0003
 5,11952829360962E+0000  1,48987334781166E-0004  2,65256074613762E+0003  1,48987334781166E-0004  2,65256074613762E+0003  1,48987334781166E-0004  2,65256074613762E+0003
 5,52912282943726E+0000 -9,99757231324933E-0005  3,74857441877176E+0003 -9,99757231324933E-0005  3,74857441877176E+0003 -9,99757231324933E-0005  3,74857441877176E+0003
 5,93871688842773E+0000  2,38396155854267E-0004  3,35007022600841E+0003  2,38396155854267E-0004  3,35007022600841E+0003  2,38396155854267E-0004  3,35007022600841E+0003
 6,34831142425537E+0000  4,72387476287386E-0004  7,27839289393699E+0003  4,72387476287386E-0004  7,27839289393699E+0003  4,72387476287386E-0004  7,27839289393699E+0003
 6,96270275115967E+0000  2,61129704771013E-0004  3,61299674856426E+0003  2,61129704771013E-0004  3,61299674856426E+0003  2,61129704771013E-0004  3,61299674856426E+0003
 7,78189134597778E+0000  1,43736775997719E-0005  4,34900647192006E+0003  1,43736775997719E-0005  4,34900647192006E+0003  1,43736775997719E-0005  4,34900647192006E+0003
 8,60107994079590E+0000 -1,94412000189595E-0004  3,88144218123820E+0003 -1,94412000189595E-0004  3,88144218123820E+0003 -1,94412000189595E-0004  3,88144218123820E+0003
 9,42026805877686E+0000  2,72181330689257E-0004  3,23275030767150E+0003  2,72181330689257E-0004  3,23275030767150E+0003  2,72181330689257E-0004  3,23275030767150E+0003
 1,02394571304321E+0001  1,25522746120760E-0004  3,76755669937650E+0003  1,25522746120760E-0004  3,76755669937650E+0003  1,25522746120760E-0004  3,76755669937650E+0003
 1,10586452484130E+0001 -5,41807442362552E-0005  2,93627596951317E+0003 -5,41807442362552E-0005  2,93627596951317E+0003 -5,41807442362552E-0005  2,93627596951317E+0003
 1,18778343200683E+0001  6,65743465955130E-0005  2,86775469722636E+0003  6,65743465955130E-0005  2,86775469722636E+0003  6,65743465955130E-0005  2,86775469722636E+0003
 1,26970224380493E+0001 -2,58480670901203E-0004  2,87586960867848E+0003 -2,58480670901203E-0004  2,87586960867848E+0003 -2,58480670901203E-0004  2,87586960867848E+0003
 1,39258050918579E+0001 -1,84631872881681E-0005  3,30061615574958E+0003 -1,84631872881681E-0005  3,30061615574958E+0003 -1,84631872881681E-0005  3,30061615574958E+0003
 1,55641822814941E+0001 -1,80556249919477E-0004  3,43319727877794E+0003 -1,80556249919477E-0004  3,43319727877794E+0003 -1,80556249919477E-0004  3,43319727877794E+0003
 1,72025604248047E+0001  6,10827626711633E-0006  8,25479340084607E+0003  6,10827626711633E-0006  8,25479340084607E+0003  6,10827626711633E-0006  8,25479340084607E+0003
 1,88409366607666E+0001  1,20226106564821E-0004  5,93652332950878E+0003  1,20226106564821E-0004  5,93652332950878E+0003  1,20226106564821E-0004  5,93652332950878E+0003
 2,04793148040771E+0001 -2,11660111154093E-0005  2,82478983265490E+0003 -2,11660111154093E-0005  2,82478983265490E+0003 -2,11660111154093E-0005  2,82478983265490E+0003
 2,21176910400391E+0001 -9,89310626266930E-0005  4,33500459008522E+0003 -9,89310626266930E-0005  4,33500459008522E+0003 -9,89310626266930E-0005  4,33500459008522E+0003
 2,37560691833496E+0001 -7,22476915971451E-0005  4,03562006113021E+0003 -7,22476915971451E-0005  4,03562006113021E+0003 -7,22476915971451E-0005  4,03562006113021E+0003
 2,53944454193115E+0001  2,79433714125295E-0005  3,36984299318591E+0003  2,79433714125295E-0005  3,36984299318591E+0003  2,79433714125295E-0005  3,36984299318591E+0003
 2,78520107269287E+0001 -3,94552246734797E-0005  5,38500769444871E+0003 -3,94552246734797E-0005  5,38500769444871E+0003 -3,94552246734797E-0005  5,38500769444871E+0003
 3,11287651062012E+0001 -1,61189102797845E-0004  4,56031775050791E+0003 -1,61189102797845E-0004  4,56031775050791E+0003 -1,61189102797845E-0004  4,56031775050791E+0003
 3,44055213928223E+0001 -1,01596297475652E-0004  4,27162731919542E+0003 -1,01596297475652E-0004  4,27162731919542E+0003 -1,01596297475652E-0004  4,27162731919542E+0003
 3,76822738647461E+0001  8,59257175393984E-0005  2,56257322840120E+0003  8,59257175393984E-0005  2,56257322840120E+0003  8,59257175393984E-0005  2,56257322840120E+0003
 4,09590263366699E+0001 -3,08056724789160E-0005  2,56381627307691E+0003 -3,08056724789160E-0005  2,56381627307691E+0003 -3,08056724789160E-0005  2,56381627307691E+0003
 4,42357826232910E+0001 -2,12990577986754E-0004  3,25728721507854E+0003 -2,12990577986754E-0004  3,25728721507854E+0003 -2,12990577986754E-0004  3,25728721507854E+0003
 4,75125350952148E+0001 -1,23366019651635E-0004  2,62513785514507E+0003 -1,23366019651635E-0004  2,62513785514507E+0003 -1,23366019651635E-0004  2,62513785514507E+0003
 5,07892913818359E+0001 -3,81061960755598E-0004  2,89083082240489E+0003 -3,81061960755598E-0004  2,89083082240489E+0003 -3,81061960755598E-0004  2,89083082240489E+0003
 5,57044219970703E+0001 -5,63483325331875E-0004  2,19419724734829E+0003 -5,63483325331875E-0004  2,19419724734829E+0003 -5,63483325331875E-0004  2,19419724734829E+0003
 6,22579307556152E+0001 -5,00816456178911E-0004  2,62962034266303E+0003 -5,00816456178911E-0004  2,62962034266303E+0003 -5,00816456178911E-0004  2,62962034266303E+0003
 6,88114395141602E+0001 -3,34348542684585E-0004  2,50392729827754E+0003 -3,34348542684585E-0004  2,50392729827754E+0003 -3,34348542684585E-0004  2,50392729827754E+0003
 7,53649444580078E+0001 -3,15817925708724E-0004  2,34730704299379E+0003 -3,15817925708724E-0004  2,34730704299379E+0003 -3,15817925708724E-0004  2,34730704299379E+0003
 8,19184570312500E+0001 -3,47743336021489E-0004  1,96923971456363E+0003 -3,47743336021489E-0004  1,96923971456363E+0003 -3,47743336021489E-0004  1,96923971456363E+0003
 8,84719619750977E+0001 -5,01929032930003E-0004  2,05658102472938E+0003 -5,01929032930003E-0004  2,05658102472938E+0003 -5,01929032930003E-0004  2,05658102472938E+0003
 9,50254745483398E+0001 -3,18767574833728E-0004  2,13479006725651E+0003 -3,18767574833728E-0004  2,13479006725651E+0003 -3,18767574833728E-0004  2,13479006725651E+0003
 1,01578979492187E+0002 -2,14554452747558E-0004  2,54646118899800E+0003 -2,14554452747558E-0004  2,54646118899800E+0003 -2,14554452747558E-0004  2,54646118899800E+0003
 1,11409240722656E+0002 -1,67091421415428E-0005  2,37560389294886E+0003 -1,67091421415428E-0005  2,37560389294886E+0003 -1,67091421415428E-0005  2,37560389294886E+0003
 1,24516258239746E+0002 -3,71026086756989E-0004  2,28884285676597E+0003 -3,71026086756989E-0004  2,28884285676597E+0003 -3,71026086756989E-0004  2,28884285676597E+0003
 1,37623275756836E+0002 -4,23999934872798E-0004  2,36360439529466E+0003 -4,23999934872798E-0004  2,36360439529466E+0003 -4,23999934872798E-0004  2,36360439529466E+0003
 1,50730300903320E+0002 -6,09415254547152E-0004  2,28100099938660E+0003 -6,09415254547152E-0004  2,28100099938660E+0003 -6,09415254547152E-0004  2,28100099938660E+0003
 1,63837310791016E+0002 -5,19999496922605E-0004  1,88421342652584E+0003 -5,19999496922605E-0004  1,88421342652584E+0003 -5,19999496922605E-0004  1,88421342652584E+0003
 1,76944335937500E+0002 -5,13847209337590E-0004  1,58971212844022E+0003 -5,13847209337590E-0004  1,58971212844022E+0003 -5,13847209337590E-0004  1,58971212844022E+0003
 1,90051345825195E+0002 -5,34997952511373E-0004  1,72467362105664E+0003 -5,34997952511373E-0004  1,72467362105664E+0003 -5,34997952511373E-0004  1,72467362105664E+0003
 2,03158370971680E+0002 -6,11827578824997E-0004  1,52410305671102E+0003 -6,11827578824997E-0004  1,52410305671102E+0003 -6,11827578824997E-0004  1,52410305671102E+0003
 2,22818893432617E+0002 -6,97303345744097E-0004  1,91052114019619E+0003 -6,97303345744097E-0004  1,91052114019619E+0003 -6,97303345744097E-0004  1,91052114019619E+0003
 2,49032928466797E+0002 -1,12883278910626E-0003  1,83668968675153E+0003 -1,12883278910626E-0003  1,83668968675153E+0003 -1,12883278910626E-0003  1,83668968675153E+0003
 2,75246948242187E+0002 -1,44549416759260E-0003  1,83248953106772E+0003 -1,44549416759260E-0003  1,83248953106772E+0003 -1,44549416759260E-0003  1,83248953106772E+0003
 3,01460998535156E+0002 -1,57048692766105E-0003  1,57088566084650E+0003 -1,57048692766105E-0003  1,57088566084650E+0003 -1,57048692766105E-0003  1,57088566084650E+0003
 3,27675018310547E+0002 -1,59711971289603E-0003  1,63658543063055E+0003 -1,59711971289603E-0003  1,63658543063055E+0003 -1,59711971289603E-0003  1,63658543063055E+0003
 3,53889068603516E+0002 -1,43110176733852E-0003  1,71139738564421E+0003 -1,43110176733852E-0003  1,71139738564421E+0003 -1,43110176733852E-0003  1,71139738564421E+0003
 3,80103088378906E+0002 -1,25311155940289E-0003  1,78168435749703E+0003 -1,25311155940289E-0003  1,78168435749703E+0003 -1,25311155940289E-0003  1,78168435749703E+0003
 4,06317138671875E+0002 -1,08527349934254E-0003  1,41232043587460E+0003 -1,08527349934254E-0003  1,41232043587460E+0003 -1,08527349934254E-0003  1,41232043587460E+0003
 4,45638183593750E+0002 -9,18084544498218E-0004  9,97385547347701E+0002 -9,18084544498218E-0004  9,97385547347701E+0002 -9,18084544498218E-0004  9,97385547347701E+0002
 4,98066253662109E+0002 -5,44461189824848E-0004  9,91612907810127E+0002 -5,44461189824848E-0004  9,91612907810127E+0002 -5,44461189824848E-0004  9,91612907810127E+0002
 5,50494323730469E+0002 -3,32799907587143E-0004  1,10452609372076E+0003 -3,32799907587143E-0004  1,10452609372076E+0003 -3,32799907587143E-0004  1,10452609372076E+0003
 6,02922363281250E+0002  9,99450407314652E-0004  7,81569415352731E+0002  9,99450407314652E-0004  7,81569415352731E+0002  9,99450407314652E-0004  7,81569415352731E+0002
 6,55350463867187E+0002  1,33174322864987E-0003  7,22089004014314E+0002  1,33174322864987E-0003  7,22089004014314E+0002  1,33174322864987E-0003  7,22089004014314E+0002
 7,07778503417969E+0002  1,81716354437025E-0003  1,10621043724345E+0003  1,81716354437025E-0003  1,10621043724345E+0003  1,81716354437025E-0003  1,10621043724345E+0003
 7,60206604003906E+0002  2,00504313739887E-0003  9,87712266506263E+0002  2,00504313739887E-0003  9,87712266506263E+0002  2,00504313739887E-0003  9,87712266506263E+0002
 8,12634643554687E+0002  1,89577515241965E-0003  1,04678964482862E+0003  1,89577515241965E-0003  1,04678964482862E+0003  1,89577515241965E-0003  1,04678964482862E+0003
