 Corr.Time[ms]           Correlation(1->2+2->1)  Weighting(1->2+2->1)    Correlation(1->2)       Weighting(1->2)         Correlation(2->1)       Weighting(2->1)
 2,24993767915294E-0004  1,90685846004469E-0002  3,48093812180272E+0001  1,90685846004469E-0002  3,48093812180272E+0001  1,90685846004469E-0002  3,48093812180272E+0001
 2,74992373306304E-0004  3,70630365395728E-0002  8,08413498195304E+0001  3,70630365395728E-0002  8,08413498195304E+0001  3,70630365395728E-0002  8,08413498195304E+0001
 3,24991007801145E-0004  2,33105593447440E-0002  4,32181875020369E+0001  2,33105593447440E-0002  4,32181875020369E+0001  2,33105593447440E-0002  4,32181875020369E+0001
 3,74989613192156E-0004 -5,48013482333663E-0003  2,94472656422694E+0001 -5,48013482333663E-0003  2,94472656422694E+0001 -5,48013482333663E-0003  2,94472656422694E+0001
 4,49987535830587E-0004  1,01748682938668E-0002  4,12834742126332E+0001  1,01748682938668E-0002  4,12834742126332E+0001  1,01748682938668E-0002  4,12834742126332E+0001
 5,49984746612608E-0004 -5,92168202862479E-0003  6,08512049665832E+0001 -5,92168202862479E-0003  6,08512049665832E+0001 -5,92168202862479E-0003  6,08512049665832E+0001
 6,49982015602291E-0004 -5,87231055745018E-0003  4,78511484664363E+0001 -5,87231055745018E-0003  4,78511484664363E+0001 -5,87231055745018E-0003  4,78511484664363E+0001
 7,49979226384312E-0004  1,06735596985229E-0002  7,12701755496989E+0001  1,06735596985229E-0002  7,12701755496989E+0001  1,06735596985229E-0002  7,12701755496989E+0001
 8,49976437166333E-0004  9,18787883509053E-0003  4,92616684461614E+0001  9,18787883509053E-0003  4,92616684461614E+0001  9,18787883509053E-0003  4,92616684461614E+0001
 9,49973706156015E-0004  1,42773222876161E-0002  7,50175607594575E+0001  1,42773222876161E-0002  7,50175607594575E+0001  1,42773222876161E-0002  7,50175607594575E+0001
 1,04997097514569E-0003  7,54833932737878E-0003  5,01738022146267E+0001  7,54833932737878E-0003  5,01738022146267E+0001  7,54833932737878E-0003  5,01738022146267E+0001
 1,14996812772005E-0003 -6,40780055922786E-0003  4,44075078078112E+0001 -6,40780055922786E-0003  4,44075078078112E+0001 -6,40780055922786E-0003  4,44075078078112E+0001
 1,29996403120458E-0003  1,45862682549322E-0002  6,14393144797609E+0001  1,45862682549322E-0002  6,14393144797609E+0001  1,45862682549322E-0002  6,14393144797609E+0001
 1,49995845276862E-0003  2,67897824672758E-0003  8,54000544884481E+0001  2,67897824672758E-0003  8,54000544884481E+0001  2,67897824672758E-0003  8,54000544884481E+0001
 1,69995287433267E-0003  9,72241100886649E-0003  8,04834291731864E+0001  9,72241100886649E-0003  8,04834291731864E+0001  9,72241100886649E-0003  8,04834291731864E+0001
 1,89994741231203E-0003  2,25269294934407E-0002  4,13107818364012E+0001  2,25269294934407E-0002  4,13107818364012E+0001  2,25269294934407E-0002  4,13107818364012E+0001
 2,09994195029140E-0003  7,85355544075338E-0003  5,37474602815968E+0001  7,85355544075338E-0003  5,37474602815968E+0001  7,85355544075338E-0003  5,37474602815968E+0001
 2,29993625544012E-0003  2,36553664584747E-0002  7,09802395648893E+0001  2,36553664584747E-0002  7,09802395648893E+0001  2,36553664584747E-0002  7,09802395648893E+0001
 2,49993079341948E-0003  5,96650356309278E-0003  6,08492403251046E+0001  5,96650356309278E-0003  6,08492403251046E+0001  5,96650356309278E-0003  6,08492403251046E+0001
 2,69992533139884E-0003  3,07816304936240E-0002  9,17460311707701E+0001  3,07816304936240E-0002  9,17460311707701E+0001  3,07816304936240E-0002  9,17460311707701E+0001
 2,99991690553725E-0003  1,00201728668786E-0002  1,98523148362814E+0002  1,00201728668786E-0002  1,98523148362814E+0002  1,00201728668786E-0002  1,98523148362814E+0002
 3,39990574866533E-0003 -1,04219916643684E-0002  6,82483446751823E+0001 -1,04219916643684E-0002  6,82483446751823E+0001 -1,04219916643684E-0002  6,82483446751823E+0001
 3,79989482462406E-0003  1,53061976787342E-0002  1,09930881171720E+0002  1,53061976787342E-0002  1,09930881171720E+0002  1,53061976787342E-0002  1,09930881171720E+0002
 4,19988390058279E-0003 -7,61586863643435E-0003  9,46486939898105E+0001 -7,61586863643435E-0003  9,46486939898105E+0001 -7,61586863643435E-0003  9,46486939898105E+0001
 4,59987251088023E-0003  3,18415180392869E-0003  1,81254815556358E+0002  3,18415180392869E-0003  1,81254815556358E+0002  3,18415180392869E-0003  1,81254815556358E+0002
 4,99986158683896E-0003  1,20717749169843E-0002  7,85601080803096E+0001  1,20717749169843E-0002  7,85601080803096E+0001  1,20717749169843E-0002  7,85601080803096E+0001
 5,39985066279769E-0003  1,46976381503587E-0002  5,35294716977992E+0001  1,46976381503587E-0002  5,35294716977992E+0001  1,46976381503587E-0002  5,35294716977992E+0001
 5,79983927309513E-0003  6,18551724273569E-0004  1,06332885527124E+0002  6,18551724273569E-0004  1,06332885527124E+0002  6,18551724273569E-0004  1,06332885527124E+0002
 6,39982288703322E-0003  4,28997025475592E-0003  1,05116222249934E+0002  4,28997025475592E-0003  1,05116222249934E+0002  4,28997025475592E-0003  1,05116222249934E+0002
 7,19980057328939E-0003  1,17770421483926E-0002  1,06397919156956E+0002  1,17770421483926E-0002  1,06397919156956E+0002  1,17770421483926E-0002  1,06397919156956E+0002
 7,99977872520685E-0003  5,15145916366991E-0003  1,42362014515981E+0002  5,15145916366991E-0003  1,42362014515981E+0002  5,15145916366991E-0003  1,42362014515981E+0002
 8,79975594580173E-0003 -2,24969869358508E-0003  1,04132090142294E+0002 -2,24969869358508E-0003  1,04132090142294E+0002 -2,24969869358508E-0003  1,04132090142294E+0002
 9,59973409771919E-0003  6,84610226404360E-0003  1,32650094736821E+0002  6,84610226404360E-0003  1,32650094736821E+0002  6,84610226404360E-0003  1,32650094736821E+0002
 1,03997122496366E-0002  4,70196177708453E-0003  1,16740574036319E+0002  4,70196177708453E-0003  1,16740574036319E+0002  4,70196177708453E-0003  1,16740574036319E+0002
 1,11996894702315E-0002  3,73578092254580E-0004  1,53239658917278E+0002  3,73578092254580E-0004  1,53239658917278E+0002  3,73578092254580E-0004  1,53239658917278E+0002
 1,19996676221489E-0002  1,65989163303873E-0002  1,23842445451611E+0002  1,65989163303873E-0002  1,23842445451611E+0002  1,65989163303873E-0002  1,23842445451611E+0002
 1,31996348500251E-0002  7,01362542952350E-0003  3,00792872040652E+0002  7,01362542952350E-0003  3,00792872040652E+0002  7,01362542952350E-0003  3,00792872040652E+0002
 1,47995902225375E-0002  1,97849303824209E-0003  8,97390815455777E+0001  1,97849303824209E-0003  8,97390815455777E+0001  1,97849303824209E-0003  8,97390815455777E+0001
 1,63995455950499E-0002  6,28911065988983E-0003  4,36753453585751E+0002  6,28911065988983E-0003  4,36753453585751E+0002  6,28911065988983E-0003  4,36753453585751E+0002
 1,79995018988848E-0002  1,09196596144985E-0002  1,97358987163836E+0002  1,09196596144985E-0002  1,97358987163836E+0002  1,09196596144985E-0002  1,97358987163836E+0002
 1,95994563400745E-0002  5,16000262832299E-0003  1,61367620705285E+0002  5,16000262832299E-0003  1,61367620705285E+0002  5,16000262832299E-0003  1,61367620705285E+0002
 2,11994126439095E-0002  7,25812839592919E-0003  3,36711597470126E+0002  7,25812839592919E-0003  3,36711597470126E+0002  7,25812839592919E-0003  3,36711597470126E+0002
 2,27993689477444E-0002  1,93169069639832E-0003  1,60750628917661E+0002  1,93169069639832E-0003  1,60750628917661E+0002  1,93169069639832E-0003  1,60750628917661E+0002
 2,43993233889341E-0002  1,69324363711244E-0003  2,11564188440633E+0002  1,69324363711244E-0003  2,11564188440633E+0002  1,69324363711244E-0003  2,11564188440633E+0002
 2,67992578446865E-0002  2,00760710176580E-0003  3,71196917183542E+0002  2,00760710176580E-0003  3,71196917183542E+0002  2,00760710176580E-0003  3,71196917183542E+0002
 2,99991685897112E-0002  8,47504808107707E-0003  2,69151989940384E+0002  8,47504808107707E-0003  2,69151989940384E+0002  8,47504808107707E-0003  2,69151989940384E+0002
 3,31990793347359E-0002  2,45992325554159E-0003  2,52474891825563E+0002  2,45992325554159E-0003  2,52474891825563E+0002  2,45992325554159E-0003  2,52474891825563E+0002
 3,63989919424057E-0002  6,06610762042382E-0003  4,01478938914672E+0002  6,06610762042382E-0003  4,01478938914672E+0002  6,06610762042382E-0003  4,01478938914672E+0002
 3,95989045500755E-0002  9,37415844011317E-0003  3,85316285115942E+0002  9,37415844011317E-0003  3,85316285115942E+0002  9,37415844011317E-0003  3,85316285115942E+0002
 4,27988134324551E-0002  7,28848414244087E-0003  2,70973023494396E+0002  7,28848414244087E-0003  2,70973023494396E+0002  7,28848414244087E-0003  2,70973023494396E+0002
 4,59987260401249E-0002  6,95034249423406E-0003  1,45956098703714E+0002  6,95034249423406E-0003  1,45956098703714E+0002  6,95034249423406E-0003  1,45956098703714E+0002
 4,91986386477947E-0002  5,79883444591121E-0003  2,74646503898208E+0002  5,79883444591121E-0003  2,74646503898208E+0002  5,79883444591121E-0003  2,74646503898208E+0002
 5,39985038340092E-0002  3,31299269182216E-0003  4,10216478617092E+0002  3,31299269182216E-0003  4,10216478617092E+0002  3,31299269182216E-0003  4,10216478617092E+0002
 6,03983290493488E-0002  7,42137606146770E-0003  5,39261918623316E+0002  7,42137606146770E-0003  5,39261918623316E+0002  7,42137606146770E-0003  5,39261918623316E+0002
 6,67981505393982E-0002  6,66406663292429E-0003  3,26473348238461E+0002  6,66406663292429E-0003  3,26473348238461E+0002  6,66406663292429E-0003  3,26473348238461E+0002
 7,31979757547379E-0002  6,89888606873725E-0003  3,24637505705816E+0002  6,89888606873725E-0003  3,24637505705816E+0002  6,89888606873725E-0003  3,24637505705816E+0002
 7,95977935194969E-0002  6,03927217171515E-0003  2,44781572131516E+0002  6,03927217171515E-0003  2,44781572131516E+0002  6,03927217171515E-0003  2,44781572131516E+0002
 8,59976187348366E-0002  5,10911849254659E-0003  2,33508471842616E+0002  5,10911849254659E-0003  2,33508471842616E+0002  5,10911849254659E-0003  2,33508471842616E+0002
 9,23974439501762E-0002  4,30367067383165E-0003  5,20028212758627E+0002  4,30367067383165E-0003  5,20028212758627E+0002  4,30367067383165E-0003  5,20028212758627E+0002
 9,87972617149353E-0002  2,31610351606688E-0003  4,36244374171733E+0002  2,31610351606688E-0003  4,36244374171733E+0002  2,31610351606688E-0003  4,36244374171733E+0002
 1,08396999537944E-0001  3,41157712296446E-0003  6,90555969120000E+0002  3,41157712296446E-0003  6,90555969120000E+0002  3,41157712296446E-0003  6,90555969120000E+0002
 1,21196642518043E-0001  2,88841488692529E-0003  6,00092143120788E+0002  2,88841488692529E-0003  6,00092143120788E+0002  2,88841488692529E-0003  6,00092143120788E+0002
 1,33996292948723E-0001  3,43132593416515E-0003  6,53217954284072E+0002  3,43132593416515E-0003  6,53217954284072E+0002  3,43132593416515E-0003  6,53217954284072E+0002
 1,46795928478241E-0001  3,92234126499843E-0003  5,37788114501158E+0002  3,92234126499843E-0003  5,37788114501158E+0002  3,92234126499843E-0003  5,37788114501158E+0002
 1,59595578908920E-0001  3,66069967232408E-0003  9,38466863160246E+0002  3,66069967232408E-0003  9,38466863160246E+0002  3,66069967232408E-0003  9,38466863160246E+0002
 1,72395229339600E-0001  4,29135120083897E-0003  5,09729255221275E+0002  4,29135120083897E-0003  5,09729255221275E+0002  4,29135120083897E-0003  5,09729255221275E+0002
 1,85194864869118E-0001  1,48203839317426E-0003  3,21761393012931E+0002  1,48203839317426E-0003  3,21761393012931E+0002  1,48203839317426E-0003  3,21761393012931E+0002
 1,97994515299797E-0001  4,27457042966154E-0003  9,07124948968289E+0002  4,27457042966154E-0003  9,07124948968289E+0002  4,27457042966154E-0003  9,07124948968289E+0002
 2,17193990945816E-0001  2,81606861650075E-0003  7,77462193107771E+0002  2,81606861650075E-0003  7,77462193107771E+0002  2,81606861650075E-0003  7,77462193107771E+0002
 2,42793276906014E-0001  4,33066605916214E-0003  1,03834980238047E+0003  4,33066605916214E-0003  1,03834980238047E+0003  4,33066605916214E-0003  1,03834980238047E+0003
 2,68392562866211E-0001  3,45001684153107E-0003  5,11672899769531E+0002  3,45001684153107E-0003  5,11672899769531E+0002  3,45001684153107E-0003  5,11672899769531E+0002
 2,93991863727570E-0001  2,89818103860740E-0003  1,06381961892441E+0003  2,89818103860740E-0003  1,06381961892441E+0003  2,89818103860740E-0003  1,06381961892441E+0003
 3,19591134786606E-0001  3,40233814167836E-0003  7,81328002067118E+0002  3,40233814167836E-0003  7,81328002067118E+0002  3,40233814167836E-0003  7,81328002067118E+0002
 3,45190435647964E-0001  3,99864055684487E-0003  1,17836222271500E+0003  3,99864055684487E-0003  1,17836222271500E+0003  3,99864055684487E-0003  1,17836222271500E+0003
 3,70789736509323E-0001  4,37523136214330E-0003  7,59913733311217E+0002  4,37523136214330E-0003  7,59913733311217E+0002  4,37523136214330E-0003  7,59913733311217E+0002
 3,96389007568359E-0001  3,75384215009082E-0003  5,59081374243678E+0002  3,75384215009082E-0003  5,59081374243678E+0002  3,75384215009082E-0003  5,59081374243678E+0002
 4,34787958860397E-0001  3,10693013934445E-0003  6,19821782969783E+0002  3,10693013934445E-0003  6,19821782969783E+0002  3,10693013934445E-0003  6,19821782969783E+0002
 4,85986530780792E-0001  4,04945760625118E-0003  9,21466986363533E+0002  4,04945760625118E-0003  9,21466986363533E+0002  4,04945760625118E-0003  9,21466986363533E+0002
 5,37185132503510E-0001  2,15285277245257E-0003  2,44204906735895E+0003  2,15285277245257E-0003  2,44204906735895E+0003  2,15285277245257E-0003  2,44204906735895E+0003
 5,88383734226227E-0001  2,65705908480469E-0003  8,17119784296052E+0002  2,65705908480469E-0003  8,17119784296052E+0002  2,65705908480469E-0003  8,17119784296052E+0002
 6,39582276344299E-0001  2,47533203430144E-0003  1,03831593655535E+0003  2,47533203430144E-0003  1,03831593655535E+0003  2,47533203430144E-0003  1,03831593655535E+0003
 6,90780878067017E-0001  2,39185355463337E-0003  2,42165116738007E+0003  2,39185355463337E-0003  2,42165116738007E+0003  2,39185355463337E-0003  2,42165116738007E+0003
 7,41979479789734E-0001  2,72056103489741E-0003  5,96497344392360E+0002  2,72056103489741E-0003  5,96497344392360E+0002  2,72056103489741E-0003  5,96497344392360E+0002
 7,93178021907806E-0001  1,39450764488896E-0003  1,11870903328795E+0003  1,39450764488896E-0003  1,11870903328795E+0003  1,39450764488896E-0003  1,11870903328795E+0003
 8,69975924491882E-0001  2,16957192850467E-0003  1,10982862703253E+0003  2,16957192850467E-0003  1,10982862703253E+0003  2,16957192850467E-0003  1,10982862703253E+0003
 9,72373068332672E-0001  2,41321253852957E-0003  1,69818852265878E+0003  2,41321253852957E-0003  1,69818852265878E+0003  2,41321253852957E-0003  1,69818852265878E+0003
 1,07477021217346E+0000  2,02225902396747E-0003  9,51328920255022E+0002  2,02225902396747E-0003  9,51328920255022E+0002  2,02225902396747E-0003  9,51328920255022E+0002
 1,17716741561890E+0000  1,47708550264917E-0003  2,25190788231490E+0003  1,47708550264917E-0003  2,25190788231490E+0003  1,47708550264917E-0003  2,25190788231490E+0003
 1,27956461906433E+0000  9,95470591614919E-0004  8,55305338998403E+0002  9,95470591614919E-0004  8,55305338998403E+0002  9,95470591614919E-0004  8,55305338998403E+0002
 1,38196170330048E+0000  1,06601897941375E-0003  2,91529928742701E+0003  1,06601897941375E-0003  2,91529928742701E+0003  1,06601897941375E-0003  2,91529928742701E+0003
 1,48435890674591E+0000  1,48492753870177E-0003  1,47916146802993E+0003  1,48492753870177E-0003  1,47916146802993E+0003  1,48492753870177E-0003  1,47916146802993E+0003
 1,58675611019135E+0000  1,61567461728328E-0003  2,08519316516996E+0003  1,61567461728328E-0003  2,08519316516996E+0003  1,61567461728328E-0003  2,08519316516996E+0003
 1,74035179615021E+0000  7,74576757160334E-0004  9,93288396179060E+0002  7,74576757160334E-0004  9,93288396179060E+0002  7,74576757160334E-0004  9,93288396179060E+0002
 1,94514608383179E+0000  1,20985578381159E-0003  2,75306394915626E+0003  1,20985578381159E-0003  2,75306394915626E+0003  1,20985578381159E-0003  2,75306394915626E+0003
 2,14994049072266E+0000  1,50297546202445E-0003  2,27411183896260E+0003  1,50297546202445E-0003  2,27411183896260E+0003  1,50297546202445E-0003  2,27411183896260E+0003
 2,35473489761353E+0000  6,99383020455370E-0004  2,07849390551012E+0003  6,99383020455370E-0004  2,07849390551012E+0003  6,99383020455370E-0004  2,07849390551012E+0003
 2,55952906608582E+0000  1,30455552580919E-0003  2,25506923034534E+0003  1,30455552580919E-0003  2,25506923034534E+0003  1,30455552580919E-0003  2,25506923034534E+0003
 2,76432347297668E+0000  6,58656434184413E-0004  2,91887765921276E+0003  6,58656434184413E-0004  2,91887765921276E+0003  6,58656434184413E-0004  2,91887765921276E+0003
 2,96911787986755E+0000  7,12907176457813E-0004  2,16013200258507E+0003  7,12907176457813E-0004  2,16013200258507E+0003  7,12907176457813E-0004  2,16013200258507E+0003
 3,17391204833984E+0000  4,80107194872345E-0004  2,53785770924651E+0003  4,80107194872345E-0004  2,53785770924651E+0003  4,80107194872345E-0004  2,53785770924651E+0003
 3,48110365867615E+0000  7,66706365530076E-0004  5,54405770150455E+0003  7,66706365530076E-0004  5,54405770150455E+0003  7,66706365530076E-0004  5,54405770150455E+0003
 3,89069223403931E+0000  1,31450737964090E-0003  3,54168502196783E+0003  1,31450737964090E-0003  3,54168502196783E+0003  1,31450737964090E-0003  3,54168502196783E+0003
 4,30028104782105E+0000  4,21077355567166E-0004  3,84146670932834E+0003  4,21077355567166E-0004  3,84146670932834E+0003  4,21077355567166E-0004  3,84146670932834E+0003
 4,70986938476562E+0000  6,68901774152522E-0004  2,63743296411147E+0003  6,68901774152522E-0004  2,63743296411147E+0003  6,68901774152522E-0004  2,63743296411147E+0003
 5,11945819854736E+0000  4,22599299806761E-0004  2,41792764167771E+0003  4,22599299806761E-0004  2,41792764167771E+0003  4,22599299806761E-0004  2,41792764167771E+0003
 5,52904701232910E+0000  8,60205193058965E-0004  4,87352957971772E+0003  8,60205193058965E-0004  4,87352957971772E+0003  8,60205193058965E-0004  4,87352957971772E+0003
 5,93863534927368E+0000  4,10674825040738E-0004  3,44246873189843E+0003  4,10674825040738E-0004  3,44246873189843E+0003  4,10674825040738E-0004  3,44246873189843E+0003
 6,34822416305542E+0000  2,86572085954117E-0005  3,34818898655825E+0003  2,86572085954117E-0005  3,34818898655825E+0003  2,86572085954117E-0005  3,34818898655825E+0003
 6,96260738372803E+0000  1,45038043257390E-0004  5,71312643704648E+0003  1,45038043257390E-0004  5,71312643704648E+0003  1,45038043257390E-0004  5,71312643704648E+0003
 7,78178453445435E+0000  3,74121593383762E-0004  3,48109382534174E+0003  3,74121593383762E-0004  3,48109382534174E+0003  3,74121593383762E-0004  3,48109382534174E+0003
 8,60096168518066E+0000  2,81047269537452E-0004  6,94542970523561E+0003  2,81047269537452E-0004  6,94542970523561E+0003  2,81047269537452E-0004  6,94542970523561E+0003
 9,42013931274414E+0000  1,06574876006600E-0004  3,77438848159237E+0003  1,06574876006600E-0004  3,77438848159237E+0003  1,06574876006600E-0004  3,77438848159237E+0003
 1,02393159866333E+0001  3,51806498474658E-0004  5,23093547373222E+0003  3,51806498474658E-0004  5,23093547373222E+0003  3,51806498474658E-0004  5,23093547373222E+0003
 1,10584936141967E+0001  2,04114319375535E-0004  4,88526511740503E+0003  2,04114319375535E-0004  4,88526511740503E+0003  2,04114319375535E-0004  4,88526511740503E+0003
 1,18776712417602E+0001  4,56963535296103E-0005  6,20174800381323E+0003  4,56963535296103E-0005  6,20174800381323E+0003  4,56963535296103E-0005  6,20174800381323E+0003
 1,26968479156494E+0001  2,05266444719093E-0004  7,79843773120862E+0003  2,05266444719093E-0004  7,79843773120862E+0003  2,05266444719093E-0004  7,79843773120862E+0003
 1,39256143569946E+0001 -1,32308611828725E-0005  4,51594521741674E+0003 -1,32308611828725E-0005  4,51594521741674E+0003 -1,32308611828725E-0005  4,51594521741674E+0003
 1,55639686584472E+0001 -1,69127731486983E-0004  5,16117798495256E+0003 -1,69127731486983E-0004  5,16117798495256E+0003 -1,69127731486983E-0004  5,16117798495256E+0003
 1,72023239135742E+0001 -2,65689623345895E-0004  8,84454662236800E+0003 -2,65689623345895E-0004  8,84454662236800E+0003 -2,65689623345895E-0004  8,84454662236800E+0003
 1,88406772613525E+0001 -1,18948733804904E-0004  3,55513634375182E+0003 -1,18948733804904E-0004  3,55513634375182E+0003 -1,18948733804904E-0004  3,55513634375182E+0003
 2,04790325164795E+0001  2,20984135144113E-0004  4,51733605091499E+0003  2,20984135144113E-0004  4,51733605091499E+0003  2,20984135144113E-0004  4,51733605091499E+0003
 2,21173877716064E+0001 -1,42120537515695E-0004  5,80579215371716E+0003 -1,42120537515695E-0004  5,80579215371716E+0003 -1,42120537515695E-0004  5,80579215371716E+0003
 2,37557430267334E+0001 -2,88992924947102E-0005  3,71936943399416E+0003 -2,88992924947102E-0005  3,71936943399416E+0003 -2,88992924947102E-0005  3,71936943399416E+0003
 2,53940963745117E+0001 -2,62832679091329E-0004  4,91796589314838E+0003 -2,62832679091329E-0004  4,91796589314838E+0003 -2,62832679091329E-0004  4,91796589314838E+0003
 2,78516292572021E+0001 -3,17645888510709E-0004  3,49482626761724E+0003 -3,17645888510709E-0004  3,49482626761724E+0003 -3,17645888510709E-0004  3,49482626761724E+0003
 3,11283378601074E+0001  3,11755454641687E-0005  3,94294365842908E+0003  3,11755454641687E-0005  3,94294365842908E+0003  3,11755454641687E-0005  3,94294365842908E+0003
 3,44050483703613E+0001 -4,40787860493190E-0005  4,98394997590342E+0003 -4,40787860493190E-0005  4,98394997590342E+0003 -4,40787860493190E-0005  4,98394997590342E+0003
 3,76817550659180E+0001  4,69815224294880E-0005  2,58750930171199E+0003  4,69815224294880E-0005  2,58750930171199E+0003  4,69815224294880E-0005  2,58750930171199E+0003
 4,09584655761719E+0001 -1,40686160332230E-0004  2,73513187032977E+0003 -1,40686160332230E-0004  2,73513187032977E+0003 -1,40686160332230E-0004  2,73513187032977E+0003
 4,42351760864258E+0001 -3,63120346806588E-0004  2,62676559575046E+0003 -3,63120346806588E-0004  2,62676559575046E+0003 -3,63120346806588E-0004  2,62676559575046E+0003
 4,75118827819824E+0001 -2,86747849149902E-0004  2,37877508142075E+0003 -2,86747849149902E-0004  2,37877508142075E+0003 -2,86747849149902E-0004  2,37877508142075E+0003
 5,07885932922363E+0001 -1,01378910445652E-0004  3,15227956596185E+0003 -1,01378910445652E-0004  3,15227956596185E+0003 -1,01378910445652E-0004  3,15227956596185E+0003
 5,57036590576172E+0001  1,07680105634172E-0004  2,58433666020700E+0003  1,07680105634172E-0004  2,58433666020700E+0003  1,07680105634172E-0004  2,58433666020700E+0003
 6,22570762634277E+0001  2,47472605605871E-0004  3,39914370262272E+0003  2,47472605605871E-0004  3,39914370262272E+0003  2,47472605605871E-0004  3,39914370262272E+0003
 6,88104934692383E+0001  7,55986804600376E-0005  2,58144181914100E+0003  7,55986804600376E-0005  2,58144181914100E+0003  7,55986804600376E-0005  2,58144181914100E+0003
 7,53639144897461E+0001  8,52118122906471E-0005  2,69317685210801E+0003  8,52118122906471E-0005  2,69317685210801E+0003  8,52118122906471E-0005  2,69317685210801E+0003
 8,19173278808594E+0001  1,68187950424357E-0004  3,21889821278937E+0003  1,68187950424357E-0004  3,21889821278937E+0003  1,68187950424357E-0004  3,21889821278937E+0003
 8,84707489013672E+0001 -3,53936833113862E-0006  2,69752518988861E+0003 -3,53936833113862E-0006  2,69752518988861E+0003 -3,53936833113862E-0006  2,69752518988861E+0003
 9,50241699218750E+0001 -1,16437722859975E-0004  2,20043913197668E+0003 -1,16437722859975E-0004  2,20043913197668E+0003 -1,16437722859975E-0004  2,20043913197668E+0003
 1,01577583312988E+0002 -2,25647321303571E-0004  2,11220644901336E+0003 -2,25647321303571E-0004  2,11220644901336E+0003 -2,25647321303571E-0004  2,11220644901336E+0003
 1,11407714843750E+0002 -4,51370585805738E-0004  1,59050738585064E+0003 -4,51370585805738E-0004  1,59050738585064E+0003 -4,51370585805738E-0004  1,59050738585064E+0003
 1,24514549255371E+0002 -5,55492772759798E-0004  1,45241507977956E+0003 -5,55492772759798E-0004  1,45241507977956E+0003 -5,55492772759798E-0004  1,45241507977956E+0003
 1,37621383666992E+0002 -2,77242857135231E-0004  1,19969474627808E+0003 -2,77242857135231E-0004  1,19969474627808E+0003 -2,77242857135231E-0004  1,19969474627808E+0003
 1,50728225708008E+0002 -5,89275329690590E-0004  1,21909523632576E+0003 -5,89275329690590E-0004  1,21909523632576E+0003 -5,89275329690590E-0004  1,21909523632576E+0003
 1,63835067749023E+0002 -7,74810461226125E-0004  9,05775865115799E+0002 -7,74810461226125E-0004  9,05775865115799E+0002 -7,74810461226125E-0004  9,05775865115799E+0002
 1,76941894531250E+0002 -7,95898058426025E-0004  9,87099065062192E+0002 -7,95898058426025E-0004  9,87099065062192E+0002 -7,95898058426025E-0004  9,87099065062192E+0002
 1,90048736572266E+0002 -7,99598925253262E-0004  9,36768714178937E+0002 -7,99598925253262E-0004  9,36768714178937E+0002 -7,99598925253262E-0004  9,36768714178937E+0002
 2,03155578613281E+0002 -1,18771431821311E-0003  7,43088122307759E+0002 -1,18771431821311E-0003  7,43088122307759E+0002 -1,18771431821311E-0003  7,43088122307759E+0002
 2,22815826416016E+0002 -1,39630086607553E-0003  7,68750075820444E+0002 -1,39630086607553E-0003  7,68750075820444E+0002 -1,39630086607553E-0003  7,68750075820444E+0002
 2,49029510498047E+0002 -1,02408024610194E-0003  5,63094507717230E+0002 -1,02408024610194E-0003  5,63094507717230E+0002 -1,02408024610194E-0003  5,63094507717230E+0002
 2,75243164062500E+0002 -8,05003086390508E-0004  5,93222528353902E+0002 -8,05003086390508E-0004  5,93222528353902E+0002 -8,05003086390508E-0004  5,93222528353902E+0002
 3,01456848144531E+0002 -6,49835262652201E-0004  7,19108283386870E+0002 -6,49835262652201E-0004  7,19108283386870E+0002 -6,49835262652201E-0004  7,19108283386870E+0002
 3,27670532226562E+0002 -7,11622230601796E-0004  9,06822514381023E+0002 -7,11622230601796E-0004  9,06822514381023E+0002 -7,11622230601796E-0004  9,06822514381023E+0002
 3,53884185791016E+0002 -7,57281383127456E-0004  7,59501817106021E+0002 -7,57281383127456E-0004  7,59501817106021E+0002 -7,57281383127456E-0004  7,59501817106021E+0002
 3,80097869873047E+0002 -7,81114024435779E-0004  8,49855692665450E+0002 -7,81114024435779E-0004  8,49855692665450E+0002 -7,81114024435779E-0004  8,49855692665450E+0002
 4,06311553955078E+0002 -6,20944964776402E-0004  9,08560042065671E+0002 -6,20944964776402E-0004  9,08560042065671E+0002 -6,20944964776402E-0004  9,08560042065671E+0002
 4,45632049560547E+0002 -3,61241430028185E-0004  9,82114156297421E+0002 -3,61241430028185E-0004  9,82114156297421E+0002 -3,61241430028185E-0004  9,82114156297421E+0002
 4,98059417724609E+0002  1,41451340378148E-0004  9,49109728915579E+0002  1,41451340378148E-0004  9,49109728915579E+0002  1,41451340378148E-0004  9,49109728915579E+0002
 5,50486755371094E+0002  6,79303264528046E-0004  8,04821648990943E+0002  6,79303264528046E-0004  8,04821648990943E+0002  6,79303264528046E-0004  8,04821648990943E+0002
 6,02914123535156E+0002  9,47893695614365E-0004  6,42470028006862E+0002  9,47893695614365E-0004  6,42470028006862E+0002  9,47893695614365E-0004  6,42470028006862E+0002
 6,55341430664062E+0002  8,09955223456918E-0004  6,64860543390218E+0002  8,09955223456918E-0004  6,64860543390218E+0002  8,09955223456918E-0004  6,64860543390218E+0002
 7,07768798828125E+0002  1,15711204436747E-0004  8,44593325387415E+0002  1,15711204436747E-0004  8,44593325387415E+0002  1,15711204436747E-0004  8,44593325387415E+0002
 7,60196166992188E+0002  3,15611010074367E-0004  8,24979656464909E+0002  3,15611010074367E-0004  8,24979656464909E+0002  3,15611010074367E-0004  8,24979656464909E+0002
 8,12623474121094E+0002  2,55506743645977E-0004  8,79221069350513E+0002  2,55506743645977E-0004  8,79221069350513E+0002  2,55506743645977E-0004  8,79221069350513E+0002
