 Corr.Time[ms]           Correlation(1->2+2->1)  Weighting(1->2+2->1)    Correlation(1->2)       Weighting(1->2)         Correlation(2->1)       Weighting(2->1)
 2,24997667828575E-0004  6,11517367270136E-0004  4,37945790125547E+0001  6,11517367270136E-0004  4,37945790125547E+0001  6,11517367270136E-0004  4,37945790125547E+0001
 2,74997146334499E-0004  1,82215167564560E-0003  5,25893200143489E+0001  1,82215167564560E-0003  5,25893200143489E+0001  1,82215167564560E-0003  5,25893200143489E+0001
 3,24996624840423E-0004  2,42742485040021E-0003  5,18920558217223E+0001  2,42742485040021E-0003  5,18920558217223E+0001  2,42742485040021E-0003  5,18920558217223E+0001
 3,74996103346348E-0004 -7,54027477987088E-0003  3,79867974000245E+0001 -7,54027477987088E-0003  3,79867974000245E+0001 -7,54027477987088E-0003  3,79867974000245E+0001
 4,49995335657150E-0004  8,52861579823460E-0003  6,80790361572974E+0001  8,52861579823460E-0003  6,80790361572974E+0001  8,52861579823460E-0003  6,80790361572974E+0001
 5,49994292668998E-0004  6,00147895669937E-0003  7,01262681125870E+0001  6,00147895669937E-0003  7,01262681125870E+0001  6,00147895669937E-0003  7,01262681125870E+0001
 6,49993249680847E-0004  1,73691767520549E-0002  5,70588761668979E+0001  1,73691767520549E-0002  5,70588761668979E+0001  1,73691767520549E-0002  5,70588761668979E+0001
 7,49992206692696E-0004  1,46614392786554E-0002  7,19456441499858E+0001  1,46614392786554E-0002  7,19456441499858E+0001  1,46614392786554E-0002  7,19456441499858E+0001
 8,49991163704544E-0004  2,50670547558482E-0002  8,29073785305318E+0001  2,50670547558482E-0002  8,29073785305318E+0001  2,50670547558482E-0002  8,29073785305318E+0001
 9,49990120716393E-0004  2,43167274817142E-0002  9,23731680369950E+0001  2,43167274817142E-0002  9,23731680369950E+0001  2,43167274817142E-0002  9,23731680369950E+0001
 1,04998913593590E-0003  1,14205142473788E-0002  5,26772789330725E+0001  1,14205142473788E-0002  5,26772789330725E+0001  1,14205142473788E-0002  5,26772789330725E+0001
 1,14998803474009E-0003 -1,09415727912808E-0003  5,26577495635717E+0001 -1,09415727912808E-0003  5,26577495635717E+0001 -1,09415727912808E-0003  5,26577495635717E+0001
 1,29998649936169E-0003  8,05763421146826E-0004  7,16175213438130E+0001  8,05763421146826E-0004  7,16175213438130E+0001  8,05763421146826E-0004  7,16175213438130E+0001
 1,49998441338539E-0003  1,03403518742291E-0002  8,90407437719265E+0001  1,03403518742291E-0002  8,90407437719265E+0001  1,03403518742291E-0002  8,90407437719265E+0001
 1,69998232740909E-0003 -2,93501219066370E-0003  1,39186138614195E+0002 -2,93501219066370E-0003  1,39186138614195E+0002 -2,93501219066370E-0003  1,39186138614195E+0002
 1,89998024143279E-0003  7,29114004996729E-0004  1,48540859952181E+0002  7,29114004996729E-0004  1,48540859952181E+0002  7,29114004996729E-0004  1,48540859952181E+0002
 2,09997827187181E-0003  1,03507086843997E-0002  8,46824916246819E+0001  1,03507086843997E-0002  8,46824916246819E+0001  1,03507086843997E-0002  8,46824916246819E+0001
 2,29997606948018E-0003 -3,45681038405371E-0003  1,05031252430854E+0002 -3,45681038405371E-0003  1,05031252430854E+0002 -3,45681038405371E-0003  1,05031252430854E+0002
 2,49997409991920E-0003  1,45370158670903E-0002  1,49943060170594E+0002  1,45370158670903E-0002  1,49943060170594E+0002  1,45370158670903E-0002  1,49943060170594E+0002
 2,69997189752758E-0003  1,66420334232498E-0002  7,65231542520785E+0001  1,66420334232498E-0002  7,65231542520785E+0001  1,66420334232498E-0002  7,65231542520785E+0001
 2,99996882677078E-0003 -1,89114945427194E-0003  3,07128210800557E+0002 -1,89114945427194E-0003  3,07128210800557E+0002 -1,89114945427194E-0003  3,07128210800557E+0002
 3,39996465481818E-0003  1,07412267070678E-0003  8,68234005225624E+0001  1,07412267070678E-0003  8,68234005225624E+0001  1,07412267070678E-0003  8,68234005225624E+0001
 3,79996048286557E-0003  5,04433933417482E-0003  1,14276461507979E+0002  5,04433933417482E-0003  1,14276461507979E+0002  5,04433933417482E-0003  1,14276461507979E+0002
 4,19995654374361E-0003  4,56492726740701E-0003  1,49848099368486E+0002  4,56492726740701E-0003  1,49848099368486E+0002  4,56492726740701E-0003  1,49848099368486E+0002
 4,59995213896036E-0003  1,18791239746323E-0002  1,25563418045379E+0002  1,18791239746323E-0002  1,25563418045379E+0002  1,18791239746323E-0002  1,25563418045379E+0002
 4,99994819983840E-0003 -9,72242785275318E-0004  1,73044013923370E+0002 -9,72242785275318E-0004  1,73044013923370E+0002 -9,72242785275318E-0004  1,73044013923370E+0002
 5,39994379505515E-0003  1,00464880531086E-0002  1,14027249176542E+0002  1,00464880531086E-0002  1,14027249176542E+0002  1,00464880531086E-0002  1,14027249176542E+0002
 5,79993985593319E-0003  1,17832561297988E-0002  1,11175611718450E+0002  1,17832561297988E-0002  1,11175611718450E+0002  1,17832561297988E-0002  1,11175611718450E+0002
 6,39993371441960E-0003  7,78088571249722E-0003  1,18469682551159E+0002  7,78088571249722E-0003  1,18469682551159E+0002  7,78088571249722E-0003  1,18469682551159E+0002
 7,19992537051439E-0003 -2,70772205190584E-0003  1,56726352973612E+0002 -2,70772205190584E-0003  1,56726352973612E+0002 -2,70772205190584E-0003  1,56726352973612E+0002
 7,99991656094790E-0003  2,64048213746993E-0003  2,49348433393666E+0002  2,64048213746993E-0003  2,49348433393666E+0002  2,64048213746993E-0003  2,49348433393666E+0002
 8,79990868270397E-0003 -2,02331328389251E-0003  1,60156254977604E+0002 -2,02331328389251E-0003  1,60156254977604E+0002 -2,02331328389251E-0003  1,60156254977604E+0002
 9,59990080446005E-0003  5,09552133664963E-0003  3,12422753957000E+0002  5,09552133664963E-0003  3,12422753957000E+0002  5,09552133664963E-0003  3,12422753957000E+0002
 1,03998919948935E-0002  5,68787316205700E-0003  1,12851892232151E+0002  5,68787316205700E-0003  1,12851892232151E+0002  5,68787316205700E-0003  1,12851892232151E+0002
 1,11998841166496E-0002  3,37766301124107E-0003  1,79415900823482E+0002  3,37766301124107E-0003  1,79415900823482E+0002  3,37766301124107E-0003  1,79415900823482E+0002
 1,19998753070831E-0002 -2,02909823931216E-0003  3,23171566980319E+0002 -2,02909823931216E-0003  3,23171566980319E+0002 -2,02909823931216E-0003  3,23171566980319E+0002
 1,31998630240559E-0002  4,94368212039607E-0003  3,78345349374663E+0002  4,94368212039607E-0003  3,78345349374663E+0002  4,94368212039607E-0003  3,78345349374663E+0002
 1,47998463362455E-0002  9,30661144217902E-0003  2,34143496932181E+0002  9,30661144217902E-0003  2,34143496932181E+0002  9,30661144217902E-0003  2,34143496932181E+0002
 1,63998305797577E-0002  9,81856068918280E-0003  2,65080866186720E+0002  9,81856068918280E-0003  2,65080866186720E+0002  9,81856068918280E-0003  2,65080866186720E+0002
 1,79998129606247E-0002  4,94214675060982E-0003  2,75843960771209E+0002  4,94214675060982E-0003  2,75843960771209E+0002  4,94214675060982E-0003  2,75843960771209E+0002
 1,95997972041368E-0002 -1,09910341405015E-0003  2,42697800238275E+0002 -1,09910341405015E-0003  2,42697800238275E+0002 -1,09910341405015E-0003  2,42697800238275E+0002
 2,11997795850039E-0002  3,87041311221413E-0003  2,11199268785196E+0002  3,87041311221413E-0003  2,11199268785196E+0002  3,87041311221413E-0003  2,11199268785196E+0002
 2,27997638285160E-0002  4,11159344843359E-0003  2,13150913052258E+0002  4,11159344843359E-0003  2,13150913052258E+0002  4,11159344843359E-0003  2,13150913052258E+0002
 2,43997462093830E-0002  2,15182940238583E-0003  2,51498854396566E+0002  2,15182940238583E-0003  2,51498854396566E+0002  2,15182940238583E-0003  2,51498854396566E+0002
 2,67997216433287E-0002  5,68154756191794E-0003  5,72198120497506E+0002  5,68154756191794E-0003  5,72198120497506E+0002  5,68154756191794E-0003  5,72198120497506E+0002
 2,99996882677078E-0002  3,51773671672030E-0003  4,68666710099893E+0002  3,51773671672030E-0003  4,68666710099893E+0002  3,51773671672030E-0003  4,68666710099893E+0002
 3,31996567547321E-0002  6,87523666376090E-0003  3,94634129869344E+0002  6,87523666376090E-0003  3,94634129869344E+0002  6,87523666376090E-0003  3,94634129869344E+0002
 3,63996215164661E-0002  3,79667169272354E-0003  4,29211497850963E+0002  3,79667169272354E-0003  4,29211497850963E+0002  3,79667169272354E-0003  4,29211497850963E+0002
 3,95995900034904E-0002  1,09156554852277E-0003  4,31002500682085E+0002  1,09156554852277E-0003  4,31002500682085E+0002  1,09156554852277E-0003  4,31002500682085E+0002
 4,27995547652245E-0002  4,69668840428328E-0003  4,39864282193291E+0002  4,69668840428328E-0003  4,39864282193291E+0002  4,69668840428328E-0003  4,39864282193291E+0002
 4,59995232522488E-0002  4,04703243794385E-0003  4,83969803714406E+0002  4,04703243794385E-0003  4,83969803714406E+0002  4,04703243794385E-0003  4,83969803714406E+0002
 4,91994880139828E-0002  7,62263459329526E-0003  4,09720138013881E+0002  7,62263459329526E-0003  4,09720138013881E+0002  7,62263459329526E-0003  4,09720138013881E+0002
 5,39994388818741E-0002  3,86326108525052E-0003  4,12617605648945E+0002  3,86326108525052E-0003  4,12617605648945E+0002  3,86326108525052E-0003  4,12617605648945E+0002
 6,03993721306324E-0002  6,16968236376909E-0003  7,61902081456315E+0002  6,16968236376909E-0003  7,61902081456315E+0002  6,16968236376909E-0003  7,61902081456315E+0002
 6,67993053793907E-0002  3,15684604142891E-0003  5,00675366678455E+0002  3,15684604142891E-0003  5,00675366678455E+0002  3,15684604142891E-0003  5,00675366678455E+0002
 7,31992423534393E-0002  5,44405646678485E-0003  6,86540045103869E+0002  5,44405646678485E-0003  6,86540045103869E+0002  5,44405646678485E-0003  6,86540045103869E+0002
 7,95991718769074E-0002  3,68845456152593E-0003  6,42378673888629E+0002  3,68845456152593E-0003  6,42378673888629E+0002  3,68845456152593E-0003  6,42378673888629E+0002
 8,59991088509560E-0002  1,40218730473825E-0003  5,92459847664672E+0002  1,40218730473825E-0003  5,92459847664672E+0002  1,40218730473825E-0003  5,92459847664672E+0002
 9,23990383744240E-0002  2,05738268017467E-0003  3,83885743149745E+0002  2,05738268017467E-0003  3,83885743149745E+0002  2,05738268017467E-0003  3,83885743149745E+0002
 9,87989753484726E-0002  5,25585486679729E-0003  3,64705120671526E+0002  5,25585486679729E-0003  3,64705120671526E+0002  5,25585486679729E-0003  3,64705120671526E+0002
 1,08398877084255E-0001  3,16822391805595E-0003  5,72092287898187E+0002  3,16822391805595E-0003  5,72092287898187E+0002  3,16822391805595E-0003  5,72092287898187E+0002
 1,21198743581771E-0001  2,42885632571467E-0003  8,17014341592441E+0002  2,42885632571467E-0003  8,17014341592441E+0002  2,42885632571467E-0003  8,17014341592441E+0002
 1,33998602628708E-0001  2,18401601858751E-0003  6,78386573860276E+0002  2,18401601858751E-0003  6,78386573860276E+0002  2,18401601858751E-0003  6,78386573860276E+0002
 1,46798476576805E-0001  3,19791575597679E-0003  7,19021303821111E+0002  3,19791575597679E-0003  7,19021303821111E+0002  3,19791575597679E-0003  7,19021303821111E+0002
 1,59598350524902E-0001  2,79742527119678E-0003  6,59758683833475E+0002  2,79742527119678E-0003  6,59758683833475E+0002  2,79742527119678E-0003  6,59758683833475E+0002
 1,72398209571838E-0001  1,74770564234016E-0003  6,61821247885809E+0002  1,74770564234016E-0003  6,61821247885809E+0002  1,74770564234016E-0003  6,61821247885809E+0002
 1,85198083519936E-0001  3,22205178269500E-0003  9,39772050362397E+0002  3,22205178269500E-0003  9,39772050362397E+0002  3,22205178269500E-0003  9,39772050362397E+0002
 1,97997942566872E-0001  4,79170972226874E-0003  7,67173969793253E+0002  4,79170972226874E-0003  7,67173969793253E+0002  4,79170972226874E-0003  7,67173969793253E+0002
 2,17197746038437E-0001  3,71996252676222E-0003  7,06940283284992E+0002  3,71996252676222E-0003  7,06940283284992E+0002  3,71996252676222E-0003  7,06940283284992E+0002
 2,42797479033470E-0001  3,38631299263995E-0003  8,37796644908634E+0002  3,38631299263995E-0003  8,37796644908634E+0002  3,38631299263995E-0003  8,37796644908634E+0002
 2,68397212028503E-0001  3,02454374145489E-0003  1,36284237350318E+0003  3,02454374145489E-0003  1,36284237350318E+0003  3,02454374145489E-0003  1,36284237350318E+0003
 2,93996959924698E-0001  4,03434975439629E-0003  1,13229909935122E+0003  4,03434975439629E-0003  1,13229909935122E+0003  4,03434975439629E-0003  1,13229909935122E+0003
 3,19596678018570E-0001  1,46358246516046E-0003  1,07452411200386E+0003  1,46358246516046E-0003  1,07452411200386E+0003  1,46358246516046E-0003  1,07452411200386E+0003
 3,45196425914764E-0001  2,39971327703744E-0003  1,62492520819604E+0003  2,39971327703744E-0003  1,62492520819604E+0003  2,39971327703744E-0003  1,62492520819604E+0003
 3,70796144008636E-0001  1,54799057244328E-0003  7,43493535178194E+0002  1,54799057244328E-0003  7,43493535178194E+0002  1,54799057244328E-0003  7,43493535178194E+0002
 3,96395891904831E-0001  1,77304326724047E-0003  1,12325335577507E+0003  1,77304326724047E-0003  1,12325335577507E+0003  1,77304326724047E-0003  1,12325335577507E+0003
 4,34795498847961E-0001  2,61906387697913E-0003  1,32521745860262E+0003  2,61906387697913E-0003  1,32521745860262E+0003  2,61906387697913E-0003  1,32521745860262E+0003
 4,85994964838028E-0001  2,67442646300072E-0003  1,40676814502030E+0003  2,67442646300072E-0003  1,40676814502030E+0003  2,67442646300072E-0003  1,40676814502030E+0003
 5,37194430828094E-0001  2,15618016163256E-0003  1,65137194973895E+0003  2,15618016163256E-0003  1,65137194973895E+0003  2,15618016163256E-0003  1,65137194973895E+0003
 5,88393867015839E-0001  1,74349141308137E-0003  1,25427833661008E+0003  1,74349141308137E-0003  1,25427833661008E+0003  1,74349141308137E-0003  1,25427833661008E+0003
 6,39593362808228E-0001  1,24798423115700E-0003  1,58915995024844E+0003  1,24798423115700E-0003  1,58915995024844E+0003  1,24798423115700E-0003  1,58915995024844E+0003
 6,90792858600616E-0001  1,30159662052650E-0003  1,47005204676200E+0003  1,30159662052650E-0003  1,47005204676200E+0003  1,30159662052650E-0003  1,47005204676200E+0003
 7,41992294788361E-0001  1,37930342038676E-0003  2,01668812203654E+0003  1,37930342038676E-0003  2,01668812203654E+0003  1,37930342038676E-0003  2,01668812203654E+0003
 7,93191790580750E-0001  2,62745753207991E-0003  1,66711177520361E+0003  2,62745753207991E-0003  1,66711177520361E+0003  2,62745753207991E-0003  1,66711177520361E+0003
 8,69990944862366E-0001  7,37875780650304E-0004  2,00541450155711E+0003  7,37875780650304E-0004  2,00541450155711E+0003  7,37875780650304E-0004  2,00541450155711E+0003
 9,72389936447144E-0001  1,52764993674080E-0003  2,39073075789386E+0003  1,52764993674080E-0003  2,39073075789386E+0003  1,52764993674080E-0003  2,39073075789386E+0003
 1,07478880882263E+0000  2,05609112662227E-0003  2,57923363650483E+0003  2,05609112662227E-0003  2,57923363650483E+0003  2,05609112662227E-0003  2,57923363650483E+0003
 1,17718780040741E+0000  1,23125631639316E-0003  1,40239348431896E+0003  1,23125631639316E-0003  1,40239348431896E+0003  1,23125631639316E-0003  1,40239348431896E+0003
 1,27958667278290E+0000  1,41195418658566E-0003  1,49662615501572E+0003  1,41195418658566E-0003  1,49662615501572E+0003  1,41195418658566E-0003  1,49662615501572E+0003
 1,38198566436768E+0000  1,46824461991909E-0003  1,33167146112051E+0003  1,46824461991909E-0003  1,33167146112051E+0003  1,46824461991909E-0003  1,33167146112051E+0003
 1,48438465595245E+0000  1,11407594037155E-0003  3,11978084696230E+0003  1,11407594037155E-0003  3,11978084696230E+0003  1,11407594037155E-0003  3,11978084696230E+0003
 1,58678352832794E+0000  5,39609714474099E-0004  1,31647195677537E+0003  5,39609714474099E-0004  1,31647195677537E+0003  5,39609714474099E-0004  1,31647195677537E+0003
 1,74038195610046E+0000  9,91961897943305E-0004  2,43070528227319E+0003  9,91961897943305E-0004  2,43070528227319E+0003  9,91961897943305E-0004  2,43070528227319E+0003
 1,94517982006073E+0000  9,53286628662795E-0004  2,60683818225548E+0003  9,53286628662795E-0004  2,60683818225548E+0003  9,53286628662795E-0004  2,60683818225548E+0003
 2,14997768402100E+0000  1,39120294982366E-0003  3,05544890215534E+0003  1,39120294982366E-0003  3,05544890215534E+0003  1,39120294982366E-0003  3,05544890215534E+0003
 2,35477566719055E+0000  1,02250101012568E-0003  2,69311106538618E+0003  1,02250101012568E-0003  2,69311106538618E+0003  1,02250101012568E-0003  2,69311106538618E+0003
 2,55957341194153E+0000  6,97316306437852E-0004  3,00450426894360E+0003  6,97316306437852E-0004  3,00450426894360E+0003  6,97316306437852E-0004  3,00450426894360E+0003
 2,76437139511108E+0000  9,45618434892369E-0004  3,06177218785919E+0003  9,45618434892369E-0004  3,06177218785919E+0003  9,45618434892369E-0004  3,06177218785919E+0003
 2,96916913986206E+0000  7,33841200300385E-0004  3,28531131398697E+0003  7,33841200300385E-0004  3,28531131398697E+0003  7,33841200300385E-0004  3,28531131398697E+0003
 3,17396712303162E+0000  9,76622038841419E-0004  1,67730743284841E+0003  9,76622038841419E-0004  1,67730743284841E+0003  9,76622038841419E-0004  1,67730743284841E+0003
 3,48116397857666E+0000  2,45926109142382E-0004  4,05683486833845E+0003  2,45926109142382E-0004  4,05683486833845E+0003  2,45926109142382E-0004  4,05683486833845E+0003
 3,89075970649719E+0000  1,18564322492541E-0004  2,15829552929405E+0003  1,18564322492541E-0004  2,15829552929405E+0003  1,18564322492541E-0004  2,15829552929405E+0003
 4,30035543441772E+0000  4,95599844149390E-0004  2,87371230957146E+0003  4,95599844149390E-0004  2,87371230957146E+0003  4,95599844149390E-0004  2,87371230957146E+0003
 4,70995092391968E+0000  7,82286543415578E-0005  4,58202721631910E+0003  7,82286543415578E-0005  4,58202721631910E+0003  7,82286543415578E-0005  4,58202721631910E+0003
 5,11954689025879E+0000  5,52535560499881E-0004  2,90365725174611E+0003  5,52535560499881E-0004  2,90365725174611E+0003  5,52535560499881E-0004  2,90365725174611E+0003
 5,52914285659790E+0000  5,21190839259489E-0004  2,42407930972588E+0003  5,21190839259489E-0004  2,42407930972588E+0003  5,21190839259489E-0004  2,42407930972588E+0003
 5,93873834609985E+0000  9,53336997608385E-0005  2,32859952537091E+0003  9,53336997608385E-0005  2,32859952537091E+0003  9,53336997608385E-0005  2,32859952537091E+0003
 6,34833431243896E+0000  3,87093093609365E-0004  4,14652782612162E+0003  3,87093093609365E-0004  4,14652782612162E+0003  3,87093093609365E-0004  4,14652782612162E+0003
 6,96272754669190E+0000  2,46121145224855E-0004  4,19458069234911E+0003  2,46121145224855E-0004  4,19458069234911E+0003  2,46121145224855E-0004  4,19458069234911E+0003
 7,78191947937012E+0000  1,09450579918158E-0004  3,49507957616684E+0003  1,09450579918158E-0004  3,49507957616684E+0003  1,09450579918158E-0004  3,49507957616684E+0003
 8,60111045837402E+0000  3,00573110894746E-0004  2,84719317258569E+0003  3,00573110894746E-0004  2,84719317258569E+0003  3,00573110894746E-0004  2,84719317258569E+0003
 9,42030239105225E+0000 -1,71424964741440E-0005  3,42566516388641E+0003 -1,71424964741440E-0005  3,42566516388641E+0003 -1,71424964741440E-0005  3,42566516388641E+0003
 1,02394933700561E+0001  3,73112261702923E-0004  2,95238340154364E+0003  3,73112261702923E-0004  2,95238340154364E+0003  3,73112261702923E-0004  2,95238340154364E+0003
 1,10586853027343E+0001  4,24970910377673E-0005  3,50342798307034E+0003  4,24970910377673E-0005  3,50342798307034E+0003  4,24970910377673E-0005  3,50342798307034E+0003
 1,18778762817382E+0001 -9,95190032590354E-0005  4,06863541535240E+0003 -9,95190032590354E-0005  4,06863541535240E+0003 -9,95190032590354E-0005  4,06863541535240E+0003
 1,26970682144165E+0001  2,20370376530184E-0004  2,77542366059289E+0003  2,20370376530184E-0004  2,77542366059289E+0003  2,20370376530184E-0004  2,77542366059289E+0003
 1,39258556365966E+0001  2,47030230587989E-0004  4,89518425126517E+0003  2,47030230587989E-0004  4,89518425126517E+0003  2,47030230587989E-0004  4,89518425126517E+0003
 1,55642385482788E+0001  8,87200019753261E-0005  5,46621668665792E+0003  8,87200019753261E-0005  5,46621668665792E+0003  8,87200019753261E-0005  5,46621668665792E+0003
 1,72026214599609E+0001  2,58093424268992E-0004  4,00483189091648E+0003  2,58093424268992E-0004  4,00483189091648E+0003  2,58093424268992E-0004  4,00483189091648E+0003
 1,88410053253174E+0001  1,62495867808435E-0004  4,28880614982875E+0003  1,62495867808435E-0004  4,28880614982875E+0003  1,62495867808435E-0004  4,28880614982875E+0003
 2,04793872833252E+0001  7,36555716223308E-0005  3,11198447670991E+0003  7,36555716223308E-0005  3,11198447670991E+0003  7,36555716223308E-0005  3,11198447670991E+0003
 2,21177711486816E+0001  6,33252807099749E-0005  3,12836390531801E+0003  6,33252807099749E-0005  3,12836390531801E+0003  6,33252807099749E-0005  3,12836390531801E+0003
 2,37561531066895E+0001 -2,04414805459570E-0004  5,78710613625383E+0003 -2,04414805459570E-0004  5,78710613625383E+0003 -2,04414805459570E-0004  5,78710613625383E+0003
 2,53945369720459E+0001 -2,32975580957025E-0004  4,22555199738996E+0003 -2,32975580957025E-0004  4,22555199738996E+0003 -2,32975580957025E-0004  4,22555199738996E+0003
 2,78521118164062E+0001 -3,79145311008856E-0004  3,55005086218132E+0003 -3,79145311008856E-0004  3,55005086218132E+0003 -3,79145311008856E-0004  3,55005086218132E+0003
 3,11288776397705E+0001 -5,94223319932716E-0004  4,75050233363840E+0003 -5,94223319932716E-0004  4,75050233363840E+0003 -5,94223319932716E-0004  4,75050233363840E+0003
 3,44056434631348E+0001 -4,92772174292681E-0004  2,80212245148235E+0003 -4,92772174292681E-0004  2,80212245148235E+0003 -4,92772174292681E-0004  2,80212245148235E+0003
 3,76824073791504E+0001 -5,22499147557319E-0004  3,98885210998789E+0003 -5,22499147557319E-0004  3,98885210998789E+0003 -5,22499147557319E-0004  3,98885210998789E+0003
 4,09591751098633E+0001 -1,94384577884563E-0004  4,67952274529278E+0003 -1,94384577884563E-0004  4,67952274529278E+0003 -1,94384577884563E-0004  4,67952274529278E+0003
 4,42359428405762E+0001 -8,97844720795223E-0005  5,23546952069339E+0003 -8,97844720795223E-0005  5,23546952069339E+0003 -8,97844720795223E-0005  5,23546952069339E+0003
 4,75127067565918E+0001 -1,80206366540850E-0004  3,39670530087755E+0003 -1,80206366540850E-0004  3,39670530087755E+0003 -1,80206366540850E-0004  3,39670530087755E+0003
 5,07894744873047E+0001 -3,07693434749437E-0004  3,77673906758637E+0003 -3,07693434749437E-0004  3,77673906758637E+0003 -3,07693434749437E-0004  3,77673906758637E+0003
 5,57046203613281E+0001 -2,15763329633211E-0005  4,13984510151449E+0003 -2,15763329633211E-0005  4,13984510151449E+0003 -2,15763329633211E-0005  4,13984510151449E+0003
 6,22581558227539E+0001 -4,63862722937609E-0005  3,74396863334778E+0003 -4,63862722937609E-0005  3,74396863334778E+0003 -4,63862722937609E-0005  3,74396863334778E+0003
 6,88116836547852E+0001 -6,47812928246421E-0005  3,10842297453649E+0003 -6,47812928246421E-0005  3,10842297453649E+0003 -6,47812928246421E-0005  3,10842297453649E+0003
 7,53652191162109E+0001  2,08510470346303E-0004  2,71828084007222E+0003  2,08510470346303E-0004  2,71828084007222E+0003  2,08510470346303E-0004  2,71828084007222E+0003
 8,19187469482422E+0001  1,06023071269476E-0004  2,00291167280760E+0003  1,06023071269476E-0004  2,00291167280760E+0003  1,06023071269476E-0004  2,00291167280760E+0003
 8,84722824096680E+0001 -8,36083686060848E-0005  1,75277560432824E+0003 -8,36083686060848E-0005  1,75277560432824E+0003 -8,36083686060848E-0005  1,75277560432824E+0003
 9,50258102416992E+0001 -3,58295576845617E-0005  2,15047746821014E+0003 -3,58295576845617E-0005  2,15047746821014E+0003 -3,58295576845617E-0005  2,15047746821014E+0003
 1,01579345703125E+0002 -5,50749181915302E-0005  1,91289857166481E+0003 -5,50749181915302E-0005  1,91289857166481E+0003 -5,50749181915302E-0005  1,91289857166481E+0003
 1,11409645080566E+0002 -2,90336517332436E-0004  1,89353907840805E+0003 -2,90336517332436E-0004  1,89353907840805E+0003 -2,90336517332436E-0004  1,89353907840805E+0003
 1,24516708374023E+0002 -1,43537098823209E-0004  1,78638424473369E+0003 -1,43537098823209E-0004  1,78638424473369E+0003 -1,43537098823209E-0004  1,78638424473369E+0003
 1,37623779296875E+0002 -1,03506899374378E-0004  1,70172989853850E+0003 -1,03506899374378E-0004  1,70172989853850E+0003 -1,03506899374378E-0004  1,70172989853850E+0003
 1,50730834960938E+0002 -2,47072227492580E-0004  1,58801382521761E+0003 -2,47072227492580E-0004  1,58801382521761E+0003 -2,47072227492580E-0004  1,58801382521761E+0003
 1,63837905883789E+0002 -1,42437235230786E-0004  1,76766888944955E+0003 -1,42437235230786E-0004  1,76766888944955E+0003 -1,42437235230786E-0004  1,76766888944955E+0003
 1,76944961547852E+0002 -1,15250327013293E-0004  1,86613293638262E+0003 -1,15250327013293E-0004  1,86613293638262E+0003 -1,15250327013293E-0004  1,86613293638262E+0003
 1,90052032470703E+0002 -8,00257136050020E-0005  1,91410724430025E+0003 -8,00257136050020E-0005  1,91410724430025E+0003 -8,00257136050020E-0005  1,91410724430025E+0003
 2,03159088134766E+0002 -1,12570875517753E-0004  1,85101655043788E+0003 -1,12570875517753E-0004  1,85101655043788E+0003 -1,12570875517753E-0004  1,85101655043788E+0003
 2,22819686889648E+0002  2,18495785287155E-0005  1,71910714361183E+0003  2,18495785287155E-0005  1,71910714361183E+0003  2,18495785287155E-0005  1,71910714361183E+0003
 2,49033813476562E+0002  4,65208040684901E-0004  1,77281024225157E+0003  4,65208040684901E-0004  1,77281024225157E+0003  4,65208040684901E-0004  1,77281024225157E+0003
 2,75247955322266E+0002  5,49031634594034E-0005  1,44416077906128E+0003  5,49031634594034E-0005  1,44416077906128E+0003  5,49031634594034E-0005  1,44416077906128E+0003
 3,01462066650391E+0002  1,22181543724902E-0004  1,46748227418436E+0003  1,22181543724902E-0004  1,46748227418436E+0003  1,22181543724902E-0004  1,46748227418436E+0003
 3,27676208496094E+0002 -2,61901427683125E-0004  1,29566588011048E+0003 -2,61901427683125E-0004  1,29566588011048E+0003 -2,61901427683125E-0004  1,29566588011048E+0003
 3,53890319824219E+0002 -6,99744055948397E-0004  1,25339230390546E+0003 -6,99744055948397E-0004  1,25339230390546E+0003 -6,99744055948397E-0004  1,25339230390546E+0003
 3,80104461669922E+0002 -5,29793861038141E-0004  1,39036913248327E+0003 -5,29793861038141E-0004  1,39036913248327E+0003 -5,29793861038141E-0004  1,39036913248327E+0003
 4,06318572998047E+0002 -6,85678465300092E-0004  1,31044096651189E+0003 -6,85678465300092E-0004  1,31044096651189E+0003 -6,85678465300092E-0004  1,31044096651189E+0003
 4,45639770507812E+0002 -1,23528886551728E-0003  1,87433851581259E+0003 -1,23528886551728E-0003  1,87433851581259E+0003 -1,23528886551728E-0003  1,87433851581259E+0003
 4,98068023681641E+0002 -8,53423399286139E-0004  1,02799123552811E+0003 -8,53423399286139E-0004  1,02799123552811E+0003 -8,53423399286139E-0004  1,02799123552811E+0003
 5,50496276855469E+0002 -5,18914618734967E-0004  7,64280316485655E+0002 -5,18914618734967E-0004  7,64280316485655E+0002 -5,18914618734967E-0004  7,64280316485655E+0002
 6,02924560546875E+0002 -1,26629957127900E-0003  6,58960148597505E+0002 -1,26629957127900E-0003  6,58960148597505E+0002 -1,26629957127900E-0003  6,58960148597505E+0002
 6,55352783203125E+0002 -8,11083828393693E-0004  7,79278388966840E+0002 -8,11083828393693E-0004  7,79278388966840E+0002 -8,11083828393693E-0004  7,79278388966840E+0002
 7,07781066894531E+0002 -9,74943350222239E-0004  7,93825051508492E+0002 -9,74943350222239E-0004  7,93825051508492E+0002 -9,74943350222239E-0004  7,93825051508492E+0002
 7,60209289550781E+0002 -7,28952185226734E-0004  1,01867481883455E+0003 -7,28952185226734E-0004  1,01867481883455E+0003 -7,28952185226734E-0004  1,01867481883455E+0003
 8,12637573242188E+0002 -2,07748796944627E-0004  1,09143545544636E+0003 -2,07748796944627E-0004  1,09143545544636E+0003 -2,07748796944627E-0004  1,09143545544636E+0003
